┌                                                                                             ┐
│ Row            1            2            3         4            5            6            7 │
│   1     -32.7116      -7.6106  -4.8245e-18       0.0   -0.0188486     -1.71571     -1.71571 │
│   2      -7.6106     -9.32636  1.03035e-16       0.0    -0.222363     -3.69002     -3.69002 │
│   3  -4.8245e-18  1.03035e-16     -7.45075       0.0  1.69117e-18  6.45992e-17  6.45992e-17 │
│   4          0.0          0.0          0.0  -7.60252          0.0     -1.99968      1.99968 │
│   5   -0.0188486    -0.222363  1.69117e-18       0.0     -7.54426     -1.64204     -1.64204 │
│   6     -1.71571     -3.69002  6.45992e-17  -1.99968     -1.64204     -4.94476     -1.58742 │
│   7     -1.71571     -3.69002  6.45992e-17   1.99968     -1.64204     -1.58742     -4.94476 │
└                                                                                             ┘
┌                                                                                                      ┐
│ Row             1            2             3             4             5             6             7 │
│   1      -24.4117     -5.97866  -6.71196e-15   3.77628e-16    -0.0166944      -1.35394      -1.35394 │
│   2      -5.97866      -4.8654   1.76582e-14  -2.25514e-16       -0.2264      -1.93576      -1.93576 │
│   3  -6.71196e-15  1.76582e-14      -2.84149    2.1072e-17  -9.64697e-14  -6.98411e-15  -6.99467e-15 │
│   4   3.78332e-16  -2.2508e-16    2.1072e-17      -2.99605   3.36374e-16     -0.923167      0.923167 │
│   5    -0.0166944      -0.2264  -9.64698e-14   3.37946e-16       -2.9364     -0.798573     -0.798573 │
│   6      -1.35394     -1.93576  -6.98396e-15     -0.923167     -0.798573      -2.07376     -0.812527 │
│   7      -1.35394     -1.93576  -6.99451e-15      0.923167     -0.798573     -0.812527      -2.07376 │
└                                                                                                      ┘
┌                                                                                                      ┐
│ Row             1            2             3             4             5             6             7 │
│   1      -21.2317     -5.35367  -3.01706e-15   3.75229e-16    -0.0172077      -1.21539      -1.21539 │
│   2      -5.35367     -3.13768   8.31275e-15   2.56089e-16     -0.224247      -1.27247      -1.27247 │
│   3  -3.01706e-15  8.31275e-15      -1.05388  -2.95081e-15  -4.70762e-14  -3.35324e-15  -1.87146e-15 │
│   4    3.7531e-16  2.56739e-16  -2.95081e-15      -1.20593  -1.64033e-15     -0.528078      0.528078 │
│   5    -0.0172077    -0.224247  -4.70763e-14  -1.64049e-15      -1.14809      -0.48619      -0.48619 │
│   6      -1.21539     -1.27247  -3.35318e-15     -0.528078      -0.48619     -0.969679     -0.518114 │
│   7      -1.21539     -1.27247  -1.87139e-15      0.528078      -0.48619     -0.518114     -0.969679 │
└                                                                                                      ┘
┌                                                                                                   ┐
│ Row            1            2             3             4             5            6            7 │
│   1     -20.2425     -5.16061   -7.9427e-16    4.8659e-16    -0.0204394     -1.17258     -1.17258 │
│   2     -5.16061     -2.55966   3.59192e-15   3.40006e-16     -0.202267     -1.05912     -1.05912 │
│   3  -7.9427e-16  3.59192e-15     -0.466738  -1.21175e-15  -1.94894e-14  9.62516e-16  1.18958e-15 │
│   4  4.87403e-16  3.40006e-16  -1.21175e-15     -0.571579  -6.93835e-16    -0.412753     0.412753 │
│   5   -0.0204394    -0.202267  -1.94895e-14  -6.95245e-16     -0.537772    -0.390936    -0.390936 │
│   6     -1.17258     -1.05912   9.62382e-16     -0.412753     -0.390936      -0.5943    -0.418906 │
│   7     -1.17258     -1.05912   1.18944e-15      0.412753     -0.390936    -0.418906      -0.5943 │
└                                                                                                   ┘
┌                                                                                                   ┐
│ Row            1            2             3             4             5            6            7 │
│   1     -20.0497     -5.12442   8.26005e-17   5.96636e-16    -0.0240904     -1.16444     -1.16444 │
│   2     -5.12442     -2.41071   1.57891e-15     6.245e-17     -0.174616     -1.00495     -1.00495 │
│   3  8.26005e-17  1.57891e-15     -0.328515  -7.07968e-16  -8.96023e-15  2.04425e-15  2.07703e-15 │
│   4  5.95769e-16   5.0307e-17  -7.07968e-16     -0.370457   -2.9924e-16    -0.386956     0.386956 │
│   5   -0.0240904    -0.174616  -8.96041e-15  -2.98915e-16     -0.363989    -0.367359    -0.367359 │
│   6     -1.16444     -1.00495   2.04397e-15     -0.386956     -0.367359    -0.485288    -0.390854 │
│   7     -1.16444     -1.00495   2.07675e-15      0.386956     -0.367359    -0.390854    -0.485288 │
└                                                                                                   ┘
┌                                                                                                    ┐
│ Row            1             2             3             4             5            6            7 │
│   1     -20.0507       -5.1258   2.50241e-16   6.22983e-16    -0.0265241     -1.16465     -1.16465 │
│   2      -5.1258       -2.3829   7.48659e-16  -2.25514e-17     -0.155701    -0.994514    -0.994514 │
│   3  2.50241e-16   7.48659e-16     -0.311146   -3.3126e-16  -4.93642e-15  1.75988e-15  1.67762e-15 │
│   4   6.2385e-16  -2.25514e-17   -3.3126e-16     -0.309994  -1.86483e-17    -0.382987     0.382987 │
│   5   -0.0265241     -0.155701  -4.93669e-15  -1.32273e-17      -0.32029    -0.362332    -0.362332 │
│   6     -1.16465     -0.994514   1.75953e-15     -0.382987     -0.362332    -0.456744    -0.384149 │
│   7     -1.16465     -0.994514   1.67727e-15      0.382987     -0.362332    -0.384149    -0.456744 │
└                                                                                                    ┘
┌                                                                                                   ┐
│ Row            1            2             3             4             5            6            7 │
│   1      -20.078     -5.13183   2.26925e-16   6.66134e-16    -0.0278495     -1.16593     -1.16593 │
│   2     -5.13183     -2.38275    3.7654e-16   1.73472e-17     -0.145341    -0.994141    -0.994141 │
│   3  2.26925e-16   3.7654e-16     -0.317385  -3.25943e-17  -2.91071e-15  1.34997e-15  1.16497e-15 │
│   4  6.64833e-16  2.42861e-17  -3.25943e-17     -0.292847   -8.1532e-17     -0.38344      0.38344 │
│   5   -0.0278495    -0.145341  -2.91103e-15  -8.04478e-17     -0.311447    -0.361709    -0.361709 │
│   6     -1.16593    -0.994141   1.34959e-15      -0.38344     -0.361709    -0.450473    -0.383094 │
│   7     -1.16593    -0.994141   1.16458e-15       0.38344     -0.361709    -0.383094    -0.450473 │
└                                                                                                   ┘
┌                                                                                                   ┐
│ Row            1            2             3             4             5            6            7 │
│   1     -20.0985     -5.13616   1.46593e-16   7.08635e-16    -0.0285091     -1.16687     -1.16687 │
│   2     -5.13616     -2.38655   2.08667e-16   4.85723e-17     -0.140204    -0.995312    -0.995312 │
│   3  1.46593e-16  2.08667e-16     -0.324522  -2.32934e-16  -1.87992e-15  8.12707e-16  8.48181e-16 │
│   4  7.06683e-16  5.20417e-17  -2.32934e-16     -0.288561   3.85976e-17    -0.384323     0.384323 │
│   5   -0.0285091    -0.140204  -1.88026e-15   3.36103e-17     -0.310817    -0.361947    -0.361947 │
│   6     -1.16687    -0.995312   8.12307e-16     -0.384323     -0.361947    -0.449776    -0.383285 │
│   7     -1.16687    -0.995312   8.47781e-16      0.384323     -0.361947    -0.383285    -0.449776 │
└                                                                                                   ┘
┌                                                                                                    ┐
│ Row            1             2             3             4             5            6            7 │
│   1       -20.11      -5.13857   1.55347e-16   6.59629e-16    -0.0288227     -1.16739     -1.16739 │
│   2     -5.13857      -2.38946    2.8335e-17  -7.97973e-17     -0.137793    -0.996249    -0.996249 │
│   3  1.55347e-16    2.8335e-17      -0.32904  -3.16966e-16  -3.23757e-16  6.94137e-16  8.40275e-16 │
│   4   6.5746e-16  -7.97973e-17  -3.16966e-16      -0.28783   3.95083e-16    -0.384927     0.384927 │
│   5   -0.0288227     -0.137793  -3.24115e-16   3.98553e-16     -0.311532    -0.362227    -0.362227 │
│   6     -1.16739     -0.996249    6.9373e-16     -0.384927     -0.362227     -0.45015    -0.383606 │
│   7     -1.16739     -0.996249   8.39868e-16      0.384927     -0.362227    -0.383606     -0.45015 │
└                                                                                                    ┘
┌                                                                                                   ┐
│ Row             1            2             3             4             5            6           7 │
│   1      -20.1197     -5.14059  -2.52576e-17   6.35342e-16    -0.0290656     -1.16784    -1.16784 │
│   2      -5.14059     -2.39224   6.76925e-17   3.92048e-16     -0.135971     -0.99715    -0.99715 │
│   3  -2.52576e-17  6.76925e-17     -0.333057   1.21141e-16  -4.41333e-16  3.15251e-16  1.2903e-16 │
│   4   6.34692e-16  3.88578e-16   1.21141e-16     -0.288001  -7.55255e-16     -0.38548     0.38548 │
│   5    -0.0290656    -0.135971  -4.41701e-16  -7.58725e-16     -0.312515     -0.36254    -0.36254 │
│   6      -1.16784     -0.99715    3.1484e-16      -0.38548      -0.36254    -0.550799   -0.383992 │
│   7      -1.16784     -0.99715   1.28618e-16       0.38548      -0.36254    -0.383992   -0.550799 │
└                                                                                                   ┘
┌                                                                                                   ┐
│ Row            1             2             3             4            5            6            7 │
│   1     -20.2435      -5.16515   1.13468e-17    7.2338e-16   -0.0296241     -1.17319     -1.17319 │
│   2     -5.16515      -2.44627  -5.05579e-17  -3.81639e-17    -0.123258     -1.01249     -1.01249 │
│   3  1.13468e-17  -5.05579e-17     -0.395108   5.75087e-17  4.86485e-16  2.77831e-16  2.37566e-16 │
│   4  7.22946e-16  -4.51028e-17   5.75087e-17     -0.314965  4.07226e-16    -0.393051     0.393051 │
│   5   -0.0296241     -0.123258   4.86033e-16   4.11997e-16    -0.351614    -0.368181    -0.368181 │
│   6     -1.17319      -1.01249   2.77401e-16     -0.393051    -0.368181    -0.570955    -0.388209 │
│   7     -1.17319      -1.01249   2.37136e-16      0.393051    -0.368181    -0.388209    -0.570955 │
└                                                                                                   ┘
┌                                                                                                   ┐
│ Row            1             2             3             4             5            6           7 │
│   1     -20.2341      -5.16308   -8.2435e-18   6.55725e-16    -0.0292779     -1.17276    -1.17276 │
│   2     -5.16308      -2.44333  -7.01981e-17   5.23886e-16     -0.124381      -1.0108     -1.0108 │
│   3  -8.2435e-18  -7.01981e-17     -0.390768   8.54238e-17   9.16794e-16  2.35397e-16  2.2883e-16 │
│   4  6.57027e-16   5.20417e-16   8.54238e-17     -0.312267  -4.39319e-16    -0.392273    0.392273 │
│   5   -0.0292779     -0.124381   9.16347e-16  -4.41053e-16     -0.347847    -0.368006   -0.368006 │
│   6     -1.17276       -1.0108   2.34967e-16     -0.392273     -0.368006    -0.568646   -0.387256 │
│   7     -1.17276       -1.0108     2.284e-16      0.392273     -0.368006    -0.387256   -0.568646 │
└                                                                                                   ┘
┌                                                                                                       ┐
│ Row             1             2             3             4             5             6             7 │
│   1       -20.235       -5.1632  -8.13574e-17   6.54858e-16    -0.0292413      -1.17279      -1.17279 │
│   2       -5.1632      -2.44393  -3.90932e-17   2.11636e-16     -0.124323       -1.0108       -1.0108 │
│   3  -8.13574e-17  -3.90932e-17      -0.39127   1.11501e-16   1.37638e-16  -7.38293e-17  -1.27686e-16 │
│   4   6.54424e-16   2.11636e-16   1.11501e-16     -0.312478  -2.30718e-16     -0.392282      0.392282 │
│   5    -0.0292413     -0.124323   1.37191e-16  -2.35055e-16     -0.347791     -0.368106     -0.368106 │
│   6      -1.17279       -1.0108  -7.42597e-17     -0.392282     -0.368106     -0.568644     -0.387223 │
│   7      -1.17279       -1.0108  -1.28116e-16      0.392282     -0.368106     -0.387223     -0.568644 │
└                                                                                                       ┘
┌                                                                                                    ┐
│ Row             1             2             3             4             5           6            7 │
│   1       -20.235      -5.16319  -4.20147e-18   6.36644e-16    -0.0292309    -1.17279     -1.17279 │
│   2      -5.16319        -2.444  -7.81331e-17  -1.04083e-16     -0.124335    -1.01076     -1.01076 │
│   3  -4.20147e-18  -7.81331e-17     -0.391282   1.19458e-16   1.14922e-15  3.0063e-16  2.42947e-16 │
│   4    6.3621e-16  -1.04083e-16   1.19458e-16     -0.312526  -1.91687e-16   -0.392271     0.392271 │
│   5    -0.0292309     -0.124335   1.14878e-15  -1.93422e-16     -0.347633   -0.368131    -0.368131 │
│   6      -1.17279      -1.01076   3.00199e-16     -0.392271     -0.368131     -0.5686    -0.387218 │
│   7      -1.17279      -1.01076   2.42516e-16      0.392271     -0.368131   -0.387218      -0.5686 │
└                                                                                                    ┘
┌                                                                                                       ┐
│ Row             1             2             3             4             5             6             7 │
│   1       -20.235      -5.16319  -2.05396e-16   6.21898e-16    -0.0292295      -1.17279      -1.17279 │
│   2      -5.16319      -2.44403   1.08399e-16  -1.97758e-16     -0.124335      -1.01075      -1.01075 │
│   3  -2.05396e-16   1.08399e-16       -0.3913  -4.32297e-16  -9.49898e-16  -6.37715e-16  -1.74377e-16 │
│   4   6.19296e-16  -1.94289e-16  -4.32297e-16     -0.312566   1.12323e-16     -0.392271      0.392271 │
│   5    -0.0292295     -0.124335  -9.50346e-16   1.12323e-16     -0.347574     -0.368143     -0.368143 │
│   6      -1.17279      -1.01075  -6.38146e-16     -0.392271     -0.368143     -0.568594     -0.387225 │
│   7      -1.17279      -1.01075  -1.74808e-16      0.392271     -0.368143     -0.387225     -0.568594 │
└                                                                                                       ┘
┌                                                                                                     ┐
│ Row             1            2             3             4             5            6             7 │
│   1       -20.235     -5.16319  -8.90303e-17   5.61183e-16    -0.0292295     -1.17279      -1.17279 │
│   2      -5.16319     -2.44404   2.00613e-17   2.42861e-17     -0.124335     -1.01074      -1.01074 │
│   3  -8.90303e-17  2.00613e-17     -0.391306   9.65914e-17   8.66405e-17  2.05888e-17  -2.73136e-17 │
│   4   5.62918e-16  2.08167e-17   9.65914e-17     -0.312586  -9.71445e-17    -0.392271      0.392271 │
│   5    -0.0292295    -0.124335   8.61923e-17  -9.28077e-17     -0.347547    -0.368148     -0.368148 │
│   6      -1.17279     -1.01074   2.01583e-17     -0.392271     -0.368148    -0.568592      -0.38723 │
│   7      -1.17279     -1.01074  -2.77441e-17      0.392271     -0.368148     -0.38723     -0.568592 │
└                                                                                                     ┘
┌                                                                                                      ┐
│ Row             1             2             3             4             5             6            7 │
│   1       -20.235      -5.16319  -5.43624e-17   6.10189e-16    -0.0292296      -1.17279     -1.17279 │
│   2      -5.16319      -2.44405  -4.06941e-17   3.22659e-16     -0.124335      -1.01074     -1.01074 │
│   3  -5.43624e-17  -4.06941e-17     -0.391309  -8.93747e-17   3.75744e-16  -1.91477e-17  8.43591e-17 │
│   4   6.11056e-16    3.1572e-16  -8.93747e-17     -0.312596  -6.71772e-16     -0.392271     0.392271 │
│   5    -0.0292296     -0.124335   3.75296e-16  -6.73506e-16     -0.347535      -0.36815     -0.36815 │
│   6      -1.17279      -1.01074  -1.95782e-17     -0.392271      -0.36815     -0.568592    -0.387232 │
│   7      -1.17279      -1.01074   8.39286e-17      0.392271      -0.36815     -0.387232    -0.568592 │
└                                                                                                      ┘
┌                                                                                                     ┐
│ Row             1             2             3             4             5            6            7 │
│   1       -20.235      -5.16319  -5.63597e-17   6.47486e-16    -0.0292297     -1.17279     -1.17279 │
│   2      -5.16319      -2.44405    -2.201e-17  -6.93889e-17     -0.124335     -1.01074     -1.01074 │
│   3  -5.63597e-17    -2.201e-17      -0.39131  -3.19952e-16   6.99925e-16  -4.8905e-17  3.16088e-16 │
│   4   6.46184e-16  -6.93889e-17  -3.19952e-16       -0.3126  -3.90313e-16    -0.392271     0.392271 │
│   5    -0.0292297     -0.124335   6.99477e-16   -3.9465e-16      -0.34753    -0.368151    -0.368151 │
│   6      -1.17279      -1.01074  -4.93356e-17     -0.392271     -0.368151    -0.568592    -0.387234 │
│   7      -1.17279      -1.01074   3.15658e-16      0.392271     -0.368151    -0.387234    -0.568592 │
└                                                                                                     ┘
┌                                                                                                    ┐
│ Row             1             2             3             4            5             6           7 │
│   1       -20.235      -5.16319  -7.88651e-17    6.8695e-16   -0.0292298      -1.17279    -1.17279 │
│   2      -5.16319      -2.44405   2.24661e-18  -3.05311e-16    -0.124335      -1.01074    -1.01074 │
│   3  -7.88651e-17   2.24661e-18     -0.391311  -2.53685e-16  5.24228e-16  -2.28092e-17  1.7994e-16 │
│   4   6.86083e-16  -3.01842e-16  -2.53685e-16     -0.312602  -3.1225e-16     -0.392271    0.392271 │
│   5    -0.0292298     -0.124335    5.2378e-16  -3.14852e-16    -0.347528     -0.368151   -0.368151 │
│   6      -1.17279      -1.01074  -2.32397e-17     -0.392271    -0.368151     -0.568592   -0.387234 │
│   7      -1.17279      -1.01074    1.7951e-16      0.392271    -0.368151     -0.387234   -0.568592 │
└                                                                                                    ┘
┌                                                                                                     ┐
│ Row            1             2             3             4             5             6            7 │
│   1      -20.235      -5.16319   -1.3955e-16   6.43149e-16    -0.0292298      -1.17279     -1.17279 │
│   2     -5.16319      -2.44405   3.15389e-17  -1.56125e-16     -0.124335      -1.01074     -1.01074 │
│   3  -1.3955e-16   3.15389e-17     -0.391311  -5.66687e-16  -3.45673e-16  -4.88192e-16  1.80936e-17 │
│   4  6.44016e-16  -1.59595e-16  -5.66687e-16     -0.312603  -7.71952e-17     -0.392272     0.392272 │
│   5   -0.0292298     -0.124335  -3.46121e-16  -8.41341e-17     -0.347527     -0.368151    -0.368151 │
│   6     -1.17279      -1.01074  -4.88623e-16     -0.392272     -0.368151     -0.568592    -0.387234 │
│   7     -1.17279      -1.01074   1.76631e-17      0.392272     -0.368151     -0.387234    -0.568592 │
└                                                                                                     ┘
┌                                                                                                  ┐
│ Row            1             2             3             4            5           6            7 │
│   1      -20.235      -5.16319   5.17438e-18   6.68736e-16   -0.0292298    -1.17279     -1.17279 │
│   2     -5.16319      -2.44405  -5.16393e-17  -7.63278e-17    -0.124335    -1.01074     -1.01074 │
│   3  5.17438e-18  -5.16393e-17     -0.391311    1.5832e-16  1.19124e-15  5.4535e-16  1.97335e-16 │
│   4  6.70904e-16  -8.32667e-17    1.5832e-16     -0.312603  4.39752e-16   -0.392272     0.392272 │
│   5   -0.0292298     -0.124335    1.1908e-15   4.43222e-16    -0.347527   -0.368151    -0.368151 │
│   6     -1.17279      -1.01074    5.4492e-16     -0.392272    -0.368151   -0.568592    -0.387235 │
│   7     -1.17279      -1.01074   1.96905e-16      0.392272    -0.368151   -0.387235    -0.568592 │
└                                                                                                  ┘
┌                                                                                                      ┐
│ Row             1            2             3             4             5             6             7 │
│   1       -20.235     -5.16319  -1.29739e-16   6.68302e-16    -0.0292298      -1.17279      -1.17279 │
│   2      -5.16319     -2.44405   4.76252e-17   3.88578e-16     -0.124335      -1.01074      -1.01074 │
│   3  -1.29739e-16  4.76252e-17     -0.391311  -8.32175e-17  -3.40379e-17  -1.27857e-16  -7.80483e-17 │
│   4   6.69603e-16  3.92048e-16  -8.32175e-17     -0.312604  -7.10369e-16     -0.392272      0.392272 │
│   5    -0.0292298    -0.124335   -3.4486e-17  -7.06466e-16     -0.347526     -0.368151     -0.368151 │
│   6      -1.17279     -1.01074  -1.28287e-16     -0.392272     -0.368151     -0.568592     -0.387235 │
│   7      -1.17279     -1.01074  -7.84788e-17      0.392272     -0.368151     -0.387235     -0.568592 │
└                                                                                                      ┘
┌                                                                                                   ┐
│ Row            1             2             3             4            5            6            7 │
│   1      -20.235      -5.16319   -3.9892e-17   6.33608e-16   -0.0292298     -1.17279     -1.17279 │
│   2     -5.16319      -2.44405  -4.18793e-18  -2.87964e-16    -0.124335     -1.01074     -1.01074 │
│   3  -3.9892e-17  -4.18793e-18     -0.391311  -7.82312e-18  8.33187e-16  2.89036e-16  2.22262e-16 │
│   4  6.32307e-16  -2.87964e-16  -7.82312e-18     -0.312604  5.19116e-16    -0.392272     0.392272 │
│   5   -0.0292298     -0.124335   8.32739e-16   5.29091e-16    -0.347526    -0.368151    -0.368151 │
│   6     -1.17279      -1.01074   2.88605e-16     -0.392272    -0.368151    -0.568592    -0.387235 │
│   7     -1.17279      -1.01074   2.21832e-16      0.392272    -0.368151    -0.387235    -0.568592 │
└                                                                                                   ┘
┌                                                                                                    ┐
│ Row             1            2             3             4             5            6            7 │
│   1       -20.235     -5.16319  -8.91444e-17   6.59195e-16    -0.0292298     -1.17279     -1.17279 │
│   2      -5.16319     -2.44405   1.93794e-17    3.1225e-17     -0.124335     -1.01074     -1.01074 │
│   3  -8.91444e-17  1.93794e-17     -0.391311   2.95108e-16     3.536e-16  1.74413e-16  -8.2093e-17 │
│   4   6.58328e-16  2.08167e-17   2.95108e-16     -0.312604  -8.75168e-16    -0.392272     0.392272 │
│   5    -0.0292298    -0.124335   3.53152e-16  -8.69096e-16     -0.347526    -0.368151    -0.368151 │
│   6      -1.17279     -1.01074   1.73982e-16     -0.392272     -0.368151    -0.568592    -0.387235 │
│   7      -1.17279     -1.01074  -8.25235e-17      0.392272     -0.368151    -0.387235    -0.568592 │
└                                                                                                    ┘
┌                                                                                                    ┐
│ Row             1            2             3            4             5            6             7 │
│   1       -20.235     -5.16319  -1.37864e-16  5.99781e-16    -0.0292298     -1.17279      -1.17279 │
│   2      -5.16319     -2.44405    5.7635e-17  1.45717e-16     -0.124335     -1.01074      -1.01074 │
│   3  -1.37864e-16   5.7635e-17     -0.391311  9.41352e-17  -3.96382e-16  -1.6444e-16  -1.97792e-16 │
│   4   5.99781e-16  1.42247e-16   9.41352e-17    -0.312604  -8.59122e-16    -0.392272      0.392272 │
│   5    -0.0292298    -0.124335   -3.9683e-16  -8.6953e-16     -0.347526    -0.368151     -0.368151 │
│   6      -1.17279     -1.01074  -1.64871e-16    -0.392272     -0.368151    -0.568592     -0.387235 │
│   7      -1.17279     -1.01074  -1.98222e-16     0.392272     -0.368151    -0.387235     -0.568592 │
└                                                                                                    ┘
┌                                                                                                    ┐
│ Row            1             2             3             4             5            6            7 │
│   1      -20.235      -5.16319   -1.2739e-18   6.29271e-16    -0.0292298     -1.17279     -1.17279 │
│   2     -5.16319      -2.44405  -5.16928e-17   3.46945e-16     -0.124335     -1.01074     -1.01074 │
│   3  -1.2739e-18  -5.16928e-17     -0.391311   1.23823e-16   1.03854e-15  3.65178e-16  2.75756e-16 │
│   4  6.32307e-16   3.46945e-16   1.23823e-16     -0.312604  -8.04478e-16    -0.392272     0.392272 │
│   5   -0.0292298     -0.124335    1.0381e-15  -7.98406e-16     -0.347526    -0.368151    -0.368151 │
│   6     -1.17279      -1.01074   3.64747e-16     -0.392272     -0.368151    -0.568592    -0.387235 │
│   7     -1.17279      -1.01074   2.75325e-16      0.392272     -0.368151    -0.387235    -0.568592 │
└                                                                                                    ┘
┌                                                                                                       ┐
│ Row             1             2             3             4             5             6             7 │
│   1       -20.235      -5.16319  -1.70593e-16   6.46184e-16    -0.0292298      -1.17279      -1.17279 │
│   2      -5.16319      -2.44405   6.85527e-17  -8.67362e-17     -0.124335      -1.01074      -1.01074 │
│   3  -1.70593e-16   6.85527e-17     -0.391311  -1.75761e-16  -6.17925e-16  -3.77003e-16  -2.41647e-16 │
│   4   6.48353e-16  -8.32667e-17  -1.75761e-16     -0.312604   4.54498e-16     -0.392272      0.392272 │
│   5    -0.0292298     -0.124335  -6.18373e-16   4.44957e-16     -0.347526     -0.368151     -0.368151 │
│   6      -1.17279      -1.01074  -3.77433e-16     -0.392272     -0.368151     -0.568592     -0.387235 │
│   7      -1.17279      -1.01074  -2.42078e-16      0.392272     -0.368151     -0.387235     -0.568592 │
└                                                                                                       ┘
┌                                                                                                       ┐
│ Row             1             2             3             4             5             6             7 │
│   1       -20.235      -5.16319  -1.70593e-16   6.46184e-16    -0.0292298      -1.17279      -1.17279 │
│   2      -5.16319      -2.44405   6.85527e-17  -8.67362e-17     -0.124335      -1.01074      -1.01074 │
│   3  -1.70593e-16   6.85527e-17     -0.391311  -1.75761e-16  -6.17925e-16  -3.77003e-16  -2.41647e-16 │
│   4   6.48353e-16  -8.32667e-17  -1.75761e-16     -0.312604   4.54498e-16     -0.392272      0.392272 │
│   5    -0.0292298     -0.124335  -6.18373e-16   4.44957e-16     -0.347526     -0.368151     -0.368151 │
│   6      -1.17279      -1.01074  -3.77433e-16     -0.392272     -0.368151     -0.568592     -0.387235 │
│   7      -1.17279      -1.01074  -2.42078e-16      0.392272     -0.368151     -0.387235     -0.568592 │
└                                                                                                       ┘
