┌                                                                                             ┐
│ Row            1            2            3         4            5            6            7 │
│   1     -32.7116      -7.6106  -4.8245e-18       0.0   -0.0188486     -1.71571     -1.71571 │
│   2      -7.6106     -9.32636  1.03035e-16       0.0    -0.222363     -3.69002     -3.69002 │
│   3  -4.8245e-18  1.03035e-16     -7.45075       0.0  1.69117e-18  6.45992e-17  6.45992e-17 │
│   4          0.0          0.0          0.0  -7.60252          0.0     -1.99968      1.99968 │
│   5   -0.0188486    -0.222363  1.69117e-18       0.0     -7.54426     -1.64204     -1.64204 │
│   6     -1.71571     -3.69002  6.45992e-17  -1.99968     -1.64204     -3.04476     -1.58742 │
│   7     -1.71571     -3.69002  6.45992e-17   1.99968     -1.64204     -1.58742     -3.04476 │
└                                                                                             ┘
┌                                                                                                   ┐
│ Row            1             2             3             4             5           6            7 │
│   1      -18.979      -4.91058   2.69815e-15   2.80022e-16    -0.0161321    -1.11773     -1.11773 │
│   2     -4.91058      -1.93317  -7.22649e-15   7.42895e-16     -0.229137   -0.801119    -0.801119 │
│   3  2.69815e-15  -7.22649e-15       0.19315  -4.31134e-15   4.22625e-14  2.6755e-15  4.55792e-15 │
│   4  2.80348e-16   7.43329e-16  -4.31134e-15     0.0332319  -2.96478e-15   -0.234509     0.234509 │
│   5   -0.0161321     -0.229137   4.22625e-14  -2.96136e-15     0.0953619   -0.256484    -0.256484 │
│   6     -1.11773     -0.801119   2.67563e-15     -0.234509     -0.256484     1.70304    -0.311544 │
│   7     -1.11773     -0.801119   4.55806e-15      0.234509     -0.256484   -0.311544      1.70304 │
└                                                                                                   ┘
┌                                                                                                      ┐
│ Row             1             2             3             4            5             6             7 │
│   1      -19.3871      -4.99471  -1.45165e-16   6.66269e-16   -0.0229046      -1.13511      -1.13511 │
│   2      -4.99471      -2.08657  -1.67506e-16   4.85723e-17    -0.206085     -0.893839     -0.893839 │
│   3  -1.45165e-16  -1.67506e-16     0.0183389  -8.74382e-17  9.04767e-16  -5.06592e-16  -4.21541e-16 │
│   4   6.65944e-16   4.87891e-17  -8.74382e-17     -0.106022  3.28595e-16     -0.307342      0.307342 │
│   5    -0.0229046     -0.206085   9.04741e-16   3.25084e-16   -0.0602863     -0.309585     -0.309585 │
│   6      -1.13511     -0.893839  -5.06732e-16     -0.307342    -0.309585       1.58986     -0.355354 │
│   7      -1.13511     -0.893839  -4.21682e-16      0.307342    -0.309585     -0.355354       1.58986 │
└                                                                                                      ┘
┌                                                                                                     ┐
│ Row             1            2             3            4             5             6             7 │
│   1      -19.4141     -5.00031  -1.42419e-16  6.68682e-16    -0.0233797      -1.13641      -1.13641 │
│   2      -5.00031     -2.09617   8.12161e-17  1.09721e-16     -0.203973     -0.899146     -0.899146 │
│   3  -1.42419e-16  8.12161e-17    0.00622186  -6.1429e-16  -1.74651e-15  -5.83711e-16  -2.04772e-16 │
│   4    6.6963e-16  1.09504e-16   -6.1429e-16    -0.115007    2.6338e-16     -0.311044      0.311044 │
│   5    -0.0233797    -0.203973  -1.74654e-15   2.6628e-16    -0.0702776     -0.312275     -0.312275 │
│   6      -1.13641    -0.899146  -5.83864e-16    -0.311044     -0.312275       1.58295      -0.35821 │
│   7      -1.13641    -0.899146  -2.04925e-16     0.311044     -0.312275      -0.35821       1.58295 │
└                                                                                                     ┘
┌                                                                                                   ┐
│ Row             1             2             3             4             5           6           7 │
│   1      -19.4151      -5.00053  -6.55365e-17   6.28539e-16    -0.0234041    -1.13647    -1.13647 │
│   2      -5.00053      -2.09652  -1.18161e-17   1.12107e-16     -0.203895    -0.89937    -0.89937 │
│   3  -6.55365e-17  -1.18161e-17    0.00575285  -1.60576e-15  -8.49467e-18  -4.639e-16  4.6552e-16 │
│   4   6.27889e-16   1.13191e-16  -1.60576e-15     -0.115402  -2.05565e-16   -0.311169    0.311169 │
│   5    -0.0234041     -0.203895  -8.52713e-18   -2.0692e-16    -0.0706482   -0.312398   -0.312398 │
│   6      -1.13647      -0.89937  -4.64053e-16     -0.311169     -0.312398     1.58266   -0.358371 │
│   7      -1.13647      -0.89937   4.65367e-16      0.311169     -0.312398   -0.358371     1.58266 │
└                                                                                                   ┘
┌                                                                                                      ┐
│ Row             1             2             3             4             5             6            7 │
│   1      -19.4151      -5.00054  -4.34548e-17   6.91043e-16     -0.023406      -1.13647     -1.13647 │
│   2      -5.00054      -2.09654  -4.28884e-17  -3.27429e-17     -0.203893     -0.899381    -0.899381 │
│   3  -4.34548e-17  -4.28884e-17    0.00573422  -9.88187e-16  -1.36812e-16  -2.80183e-16  2.38387e-16 │
│   4   6.91314e-16  -3.16587e-17  -9.88187e-16     -0.115422    2.6853e-16     -0.311173     0.311173 │
│   5     -0.023406     -0.203893  -1.36845e-16   2.70861e-16    -0.0706611     -0.312406    -0.312406 │
│   6      -1.13647     -0.899381  -2.80336e-16     -0.311173     -0.312406     -0.417354    -0.358382 │
│   7      -1.13647     -0.899381   2.38234e-16      0.311173     -0.312406     -0.358382    -0.417354 │
└                                                                                                      ┘
┌                                                                                                   ┐
│ Row            1             2             3             4            5            6            7 │
│   1     -20.2896      -5.17517   3.07981e-18   7.37257e-16   -0.0312312     -1.17527     -1.17527 │
│   2     -5.17517      -2.46209  -6.97769e-17   2.01228e-16    -0.117855     -1.01988     -1.01988 │
│   3  3.07981e-18  -6.97769e-17     -0.416931  -2.81852e-16  6.71855e-16  2.76897e-16  1.50561e-16 │
│   4  7.35523e-16    1.9082e-16  -2.81852e-16     -0.329069  1.17528e-16     -0.39662      0.39662 │
│   5   -0.0312312     -0.117855   6.71378e-16    1.2013e-16    -0.367378    -0.369423    -0.369423 │
│   6     -1.17527      -1.01988   2.76465e-16      -0.39662    -0.369423    -0.581379     -0.39265 │
│   7     -1.17527      -1.01988    1.5013e-16       0.39662    -0.369423     -0.39265    -0.581379 │
└                                                                                                   ┘
┌                                                                                                      ┐
│ Row             1            2             3             4             5             6             7 │
│   1      -20.2303     -5.16242  -1.20295e-16   6.05418e-16    -0.0294244      -1.17261      -1.17261 │
│   2      -5.16242     -2.44099   4.06769e-17   1.97758e-16     -0.124687      -1.01063      -1.01063 │
│   3  -1.20295e-16  4.06769e-17     -0.388618  -1.30775e-16  -3.57069e-16  -1.15081e-16  -1.88891e-16 │
│   4   6.06286e-16  1.97758e-16  -1.30775e-16     -0.311933  -2.32453e-16     -0.392208      0.392208 │
│   5    -0.0294244    -0.124687  -3.57512e-16  -2.25514e-16     -0.346995     -0.367737     -0.367737 │
│   6      -1.17261     -1.01063   -1.1551e-16     -0.392208     -0.367737     -0.568503     -0.387524 │
│   7      -1.17261     -1.01063   -1.8932e-16      0.392208     -0.367737     -0.387524     -0.568503 │
└                                                                                                      ┘
┌                                                                                                    ┐
│ Row             1            2             3             4             5            6            7 │
│   1      -20.2353     -5.16329  -9.32136e-17    6.5746e-16    -0.0292898     -1.17281     -1.17281 │
│   2      -5.16329     -2.44384   3.94196e-17  -2.08167e-16     -0.124268     -1.01093     -1.01093 │
│   3  -9.32136e-17  3.94196e-17      -0.39133   -3.5573e-16   9.83643e-17  -5.7933e-17  1.17515e-16 │
│   4   6.54424e-16  -1.9082e-16   -3.5573e-16     -0.312612  -1.23599e-16     -0.39234      0.39234 │
│   5    -0.0292898    -0.124268   9.79165e-17  -1.26201e-16     -0.348064    -0.368072    -0.368072 │
│   6      -1.17281     -1.01093  -5.83632e-17      -0.39234     -0.368072    -0.568827    -0.387329 │
│   7      -1.17281     -1.01093   1.17085e-16       0.39234     -0.368072    -0.387329    -0.568827 │
└                                                                                                    ┘
┌                                                                                                      ┐
│ Row             1             2             3             4             5            6             7 │
│   1      -20.2349      -5.16319  -7.00945e-17   6.28837e-16    -0.0292404     -1.17279      -1.17279 │
│   2      -5.16319      -2.44392  -7.30668e-18    1.2837e-16     -0.124332     -1.01078      -1.01078 │
│   3  -7.00945e-17  -7.30668e-18     -0.391241  -1.32352e-17   1.81939e-16  7.47072e-17  -4.11853e-17 │
│   4    6.2797e-16     1.249e-16  -1.32352e-17     -0.312502  -4.84422e-16    -0.392278      0.392278 │
│   5    -0.0292404     -0.124332   1.81492e-16  -4.70544e-16     -0.347706    -0.368113     -0.368113 │
│   6      -1.17279      -1.01078   7.42768e-17     -0.392278     -0.368113    -0.568626     -0.387229 │
│   7      -1.17279      -1.01078  -4.16156e-17      0.392278     -0.368113    -0.387229     -0.568626 │
└                                                                                                      ┘
┌                                                                                                   ┐
│ Row             1             2             3            4            5            6            7 │
│   1       -20.235      -5.16319  -4.27892e-17  6.46184e-16   -0.0292314     -1.17279     -1.17279 │
│   2      -5.16319      -2.44401  -3.54863e-17   -1.249e-16    -0.124334     -1.01075     -1.01075 │
│   3  -4.27892e-17  -3.54863e-17     -0.391291  1.84961e-16    5.523e-16  2.10304e-16  2.56953e-17 │
│   4    6.4445e-16    -1.249e-16   1.84961e-16    -0.312548  1.00614e-16    -0.392272     0.392272 │
│   5    -0.0292314     -0.124334   5.51852e-16  7.97973e-17     -0.34761    -0.368136    -0.368136 │
│   6      -1.17279      -1.01075   2.09873e-16    -0.392272    -0.368136    -0.568601    -0.387224 │
│   7      -1.17279      -1.01075   2.52648e-17     0.392272    -0.368136    -0.387224    -0.568601 │
└                                                                                                   ┘
┌                                                                                                    ┐
│ Row             1            2             3             4            5             6            7 │
│   1       -20.235     -5.16319  -1.15641e-16   6.57894e-16   -0.0292297      -1.17279     -1.17279 │
│   2      -5.16319     -2.44404   5.45397e-17   4.51028e-17    -0.124335      -1.01075     -1.01075 │
│   3  -1.15641e-16  5.45397e-17     -0.391302  -1.83069e-16  9.03701e-17  -1.01037e-16  6.67666e-17 │
│   4    6.5746e-16  4.85723e-17  -1.83069e-16     -0.312575  7.37257e-18     -0.392271     0.392271 │
│   5    -0.0292297    -0.124335    8.9922e-17  -4.33681e-19    -0.347563     -0.368145    -0.368145 │
│   6      -1.17279     -1.01075  -1.01468e-16     -0.392271    -0.368145     -0.568594    -0.387228 │
│   7      -1.17279     -1.01075   6.63361e-17      0.392271    -0.368145     -0.387228    -0.568594 │
└                                                                                                    ┘
┌                                                                                                    ┐
│ Row            1             2             3             4             5            6            7 │
│   1      -20.235      -5.16319   1.11728e-17   6.53557e-16    -0.0292296     -1.17279     -1.17279 │
│   2     -5.16319      -2.44405  -7.67748e-17   2.77556e-17     -0.124335     -1.01074     -1.01074 │
│   3  1.11728e-17  -7.67748e-17     -0.391308  -2.12214e-16    1.2049e-15  2.54382e-16  4.20113e-16 │
│   4  6.51822e-16   1.73472e-17  -2.12214e-16     -0.312591  -5.39499e-16    -0.392271     0.392271 │
│   5   -0.0292296     -0.124335   1.20445e-15  -5.45571e-16     -0.347542    -0.368149    -0.368149 │
│   6     -1.17279      -1.01074   2.53951e-16     -0.392271     -0.368149    -0.568592    -0.387231 │
│   7     -1.17279      -1.01074   4.19683e-16      0.392271     -0.368149    -0.387231    -0.568592 │
└                                                                                                    ┘
┌                                                                                                      ┐
│ Row             1             2             3             4             5            6             7 │
│   1       -20.235      -5.16319  -7.73005e-17    6.7394e-16    -0.0292297     -1.17279      -1.17279 │
│   2      -5.16319      -2.44405  -1.43432e-17  -1.52656e-16     -0.124335     -1.01074      -1.01074 │
│   3  -7.73005e-17  -1.43432e-17      -0.39131   1.34352e-16   5.77787e-16  1.29453e-16  -1.55686e-17 │
│   4   6.74807e-16  -1.63064e-16   1.34352e-16     -0.312598  -9.06393e-17    -0.392271      0.392271 │
│   5    -0.0292297     -0.124335   5.77339e-16  -8.97719e-17     -0.347533     -0.36815      -0.36815 │
│   6      -1.17279      -1.01074   1.29022e-16     -0.392271      -0.36815    -0.568592     -0.387233 │
│   7      -1.17279      -1.01074  -1.59992e-17      0.392271      -0.36815    -0.387233     -0.568592 │
└                                                                                                      ┘
┌                                                                                                    ┐
│ Row             1             2             3             4            5            6            7 │
│   1       -20.235      -5.16319  -8.07096e-17   6.39679e-16   -0.0292297     -1.17279     -1.17279 │
│   2      -5.16319      -2.44405   6.52516e-18  -1.38778e-17    -0.124335     -1.01074     -1.01074 │
│   3  -8.07096e-17   6.52516e-18      -0.39131   6.51761e-16  4.71913e-16  2.97781e-16  -1.5512e-16 │
│   4   6.39679e-16  -1.73472e-17   6.51761e-16     -0.312601  2.43729e-16    -0.392271     0.392271 │
│   5    -0.0292297     -0.124335   4.71465e-16   2.38524e-16    -0.347529    -0.368151    -0.368151 │
│   6      -1.17279      -1.01074   2.97351e-16     -0.392271    -0.368151    -0.568592    -0.387234 │
│   7      -1.17279      -1.01074  -1.55551e-16      0.392271    -0.368151    -0.387234    -0.568592 │
└                                                                                                    ┘
┌                                                                                                     ┐
│ Row             1            2             3             4             5             6            7 │
│   1       -20.235     -5.16319  -1.01941e-16    6.8218e-16    -0.0292298      -1.17279     -1.17279 │
│   2      -5.16319     -2.44405   1.80636e-17   4.26742e-16     -0.124335      -1.01074     -1.01074 │
│   3  -1.01941e-16  1.80636e-17     -0.391311  -1.77277e-17   1.23202e-16  -1.19831e-16  2.85542e-17 │
│   4   6.83047e-16  4.26742e-16  -1.77277e-17     -0.312602  -8.02743e-16     -0.392271     0.392271 │
│   5    -0.0292298    -0.124335   1.22754e-16  -7.95804e-16     -0.347528     -0.368151    -0.368151 │
│   6      -1.17279     -1.01074  -1.20262e-16     -0.392271     -0.368151     -0.568592    -0.387234 │
│   7      -1.17279     -1.01074   2.81236e-17      0.392271     -0.368151     -0.387234    -0.568592 │
└                                                                                                     ┘
┌                                                                                                     ┐
│ Row             1            2             3             4             5             6            7 │
│   1       -20.235     -5.16319  -9.90394e-17   5.75061e-16    -0.0292298      -1.17279     -1.17279 │
│   2      -5.16319     -2.44405   4.99257e-17   3.53884e-16     -0.124335      -1.01074     -1.01074 │
│   3  -9.90394e-17  4.99257e-17     -0.391311   6.51325e-17    1.4144e-16  -1.91636e-17  9.77966e-17 │
│   4   5.74627e-16  3.57353e-16   6.51325e-17     -0.312603  -1.65232e-15     -0.392272     0.392272 │
│   5    -0.0292298    -0.124335   1.40992e-16  -1.63584e-15     -0.347527     -0.368151    -0.368151 │
│   6      -1.17279     -1.01074  -1.95942e-17     -0.392272     -0.368151     -0.568592    -0.387235 │
│   7      -1.17279     -1.01074    9.7366e-17      0.392272     -0.368151     -0.387235    -0.568592 │
└                                                                                                     ┘
┌                                                                                                   ┐
│ Row             1             2             3             4            5            6           7 │
│   1       -20.235      -5.16319  -3.32888e-17   5.99781e-16   -0.0292298     -1.17279    -1.17279 │
│   2      -5.16319      -2.44405  -4.83845e-17  -1.52656e-16    -0.124335     -1.01074    -1.01074 │
│   3  -3.32888e-17  -4.83845e-17     -0.391311   5.02177e-17  5.77754e-16  1.19305e-16  1.3505e-16 │
│   4   6.01949e-16  -1.42247e-16   5.02177e-17     -0.312603  5.91974e-16    -0.392272    0.392272 │
│   5    -0.0292298     -0.124335   5.77306e-16   5.89372e-16    -0.347526    -0.368151   -0.368151 │
│   6      -1.17279      -1.01074   1.18875e-16     -0.392272    -0.368151    -0.568592   -0.387235 │
│   7      -1.17279      -1.01074    1.3462e-16      0.392272    -0.368151    -0.387235   -0.568592 │
└                                                                                                   ┘
┌                                                                                                     ┐
│ Row             1            2             3             4             5             6            7 │
│   1       -20.235     -5.16319  -9.78915e-17   6.12791e-16    -0.0292298      -1.17279     -1.17279 │
│   2      -5.16319     -2.44405   -2.8513e-18    -2.498e-16     -0.124335      -1.01074     -1.01074 │
│   3  -9.78915e-17  -2.8513e-18     -0.391311  -2.98231e-16  -6.24101e-17  -2.50284e-16  2.03168e-17 │
│   4   6.12357e-16   -2.498e-16  -2.98231e-16     -0.312604   1.87784e-16     -0.392272     0.392272 │
│   5    -0.0292298    -0.124335  -6.28582e-17    1.8258e-16     -0.347526     -0.368151    -0.368151 │
│   6      -1.17279     -1.01074  -2.50715e-16     -0.392272     -0.368151     -0.568592    -0.387235 │
│   7      -1.17279     -1.01074   1.98863e-17      0.392272     -0.368151     -0.387235    -0.568592 │
└                                                                                                     ┘
┌                                                                                                    ┐
│ Row             1            2             3            4             5            6             7 │
│   1       -20.235     -5.16319  -1.06917e-16   6.2797e-16    -0.0292298     -1.17279      -1.17279 │
│   2      -5.16319     -2.44405   1.97997e-17  1.00614e-16     -0.124335     -1.01074      -1.01074 │
│   3  -1.06917e-16  1.97997e-17     -0.391311  2.17865e-16  -1.47594e-16  1.46632e-17  -2.37579e-16 │
│   4   6.26669e-16  1.07553e-16   2.17865e-16    -0.312604   1.31405e-16    -0.392272      0.392272 │
│   5    -0.0292298    -0.124335  -1.48042e-16  1.29671e-16     -0.347526    -0.368151     -0.368151 │
│   6      -1.17279     -1.01074   1.42326e-17    -0.392272     -0.368151    -0.568592     -0.387235 │
│   7      -1.17279     -1.01074  -2.38009e-16     0.392272     -0.368151    -0.387235     -0.568592 │
└                                                                                                    ┘
┌                                                                                                  ┐
│ Row             1            2             3            4            5            6            7 │
│   1       -20.235     -5.16319  -6.79702e-17   6.5746e-16   -0.0292298     -1.17279     -1.17279 │
│   2      -5.16319     -2.44405   4.99615e-19          0.0    -0.124335     -1.01074     -1.01074 │
│   3  -6.79702e-17  4.99615e-19     -0.391311  1.03231e-17  4.56412e-16  9.74255e-17  9.66223e-17 │
│   4    6.5746e-16  3.46945e-18   1.03231e-17    -0.312604  8.33535e-16    -0.392272     0.392272 │
│   5    -0.0292298    -0.124335   4.55963e-16  8.42208e-16    -0.347526    -0.368151    -0.368151 │
│   6      -1.17279     -1.01074   9.69949e-17    -0.392272    -0.368151    -0.568592    -0.387235 │
│   7      -1.17279     -1.01074   9.61918e-17     0.392272    -0.368151    -0.387235    -0.568592 │
└                                                                                                  ┘
┌                                                                                                  ┐
│ Row             1            2             3            4            5            6            7 │
│   1       -20.235     -5.16319  -8.17567e-17  6.57894e-16   -0.0292298     -1.17279     -1.17279 │
│   2      -5.16319     -2.44405   1.05745e-17   2.5327e-16    -0.124335     -1.01074     -1.01074 │
│   3  -8.17567e-17  1.05745e-17     -0.391311  4.29358e-17   3.0681e-16  3.63659e-17  4.85056e-17 │
│   4   6.58328e-16   2.5327e-16   4.29358e-17    -0.312604  4.30645e-16    -0.392272     0.392272 │
│   5    -0.0292298    -0.124335   3.06362e-16  4.37584e-16    -0.347526    -0.368151    -0.368151 │
│   6      -1.17279     -1.01074   3.59354e-17    -0.392272    -0.368151    -0.568592    -0.387235 │
│   7      -1.17279     -1.01074    4.8075e-17     0.392272    -0.368151    -0.387235    -0.568592 │
└                                                                                                  ┘
┌                                                                                                     ┐
│ Row             1            2             3             4             5            6             7 │
│   1       -20.235     -5.16319  -1.51788e-16   6.53557e-16    -0.0292298     -1.17279      -1.17279 │
│   2      -5.16319     -2.44405   7.28378e-17   2.46331e-16     -0.124335     -1.01074      -1.01074 │
│   3  -1.51788e-16  7.28378e-17     -0.391311  -2.97776e-16  -5.52843e-16  -3.7412e-16  -7.55277e-17 │
│   4   6.55292e-16  2.46331e-16  -2.97776e-16     -0.312604   2.22478e-16    -0.392272      0.392272 │
│   5    -0.0292298    -0.124335  -5.53291e-16   2.26815e-16     -0.347526    -0.368151     -0.368151 │
│   6      -1.17279     -1.01074   -3.7455e-16     -0.392272     -0.368151    -0.568592     -0.387235 │
│   7      -1.17279     -1.01074  -7.59583e-17      0.392272     -0.368151    -0.387235     -0.568592 │
└                                                                                                     ┘
┌                                                                                                     ┐
│ Row             1            2             3             4             5            6             7 │
│   1       -20.235     -5.16319  -1.51788e-16   6.53557e-16    -0.0292298     -1.17279      -1.17279 │
│   2      -5.16319     -2.44405   7.28378e-17   2.46331e-16     -0.124335     -1.01074      -1.01074 │
│   3  -1.51788e-16  7.28378e-17     -0.391311  -2.97776e-16  -5.52843e-16  -3.7412e-16  -7.55277e-17 │
│   4   6.55292e-16  2.46331e-16  -2.97776e-16     -0.312604   2.22478e-16    -0.392272      0.392272 │
│   5    -0.0292298    -0.124335  -5.53291e-16   2.26815e-16     -0.347526    -0.368151     -0.368151 │
│   6      -1.17279     -1.01074   -3.7455e-16     -0.392272     -0.368151    -0.568592     -0.387235 │
│   7      -1.17279     -1.01074  -7.59583e-17      0.392272     -0.368151    -0.387235     -0.568592 │
└                                                                                                     ┘
