┌                                                                                                     ┐
│ Row             1            2             3             4             5            6             7 │
│   1        1.0533    -0.224063  -1.44763e-16  -4.94439e-16     0.0542877   -0.0135604    -0.0135604 │
│   2     -0.224063     0.987974   5.32857e-16   3.06215e-16     -0.307655   -0.0192605    -0.0192605 │
│   3  -1.44763e-16  5.32857e-16           1.0   7.27087e-16  -1.05587e-17  3.53043e-16  -9.94333e-16 │
│   4  -4.94439e-16  3.06215e-16   7.27087e-16      0.368795  -2.08392e-16     0.270833     -0.270833 │
│   5     0.0542877    -0.307655  -1.05587e-17  -2.08392e-16      0.613082     0.237929      0.237929 │
│   6    -0.0135604   -0.0192605   3.53043e-16      0.270833      0.237929      0.30338    -0.0944056 │
│   7    -0.0135604   -0.0192605  -9.94333e-16     -0.270833      0.237929   -0.0944056       0.30338 │
└                                                                                                     ┘
┌                                                                                                     ┐
│ Row             1            2             3             4             5            6             7 │
│   1        1.0533    -0.224063  -1.44763e-16  -4.94439e-16     0.0542877   -0.0135604    -0.0135604 │
│   2     -0.224063     0.987974   5.32857e-16   3.06215e-16     -0.307655   -0.0192605    -0.0192605 │
│   3  -1.44763e-16  5.32857e-16           1.0   7.27087e-16  -1.05587e-17  3.53043e-16  -9.94333e-16 │
│   4  -4.94439e-16  3.06215e-16   7.27087e-16      0.368795  -2.08392e-16     0.270833     -0.270833 │
│   5     0.0542877    -0.307655  -1.05587e-17  -2.08392e-16      0.613082     0.237929      0.237929 │
│   6    -0.0135604   -0.0192605   3.53043e-16      0.270833      0.237929      0.30338    -0.0944056 │
│   7    -0.0135604   -0.0192605  -9.94333e-16     -0.270833      0.237929   -0.0944056       0.30338 │
└                                                                                                     ┘
┌                                                                                                     ┐
│ Row             1            2             3             4             5            6             7 │
│   1       1.05323    -0.221214   -2.5727e-17  -4.12568e-16     0.0405242   -0.0183498    -0.0183498 │
│   2     -0.221214     0.952949    -3.819e-17   1.64149e-16      -0.22789     0.027497      0.027497 │
│   3   -2.5727e-17   -3.819e-17           1.0  -2.71972e-16   1.04783e-15  2.57519e-16  -4.42428e-16 │
│   4  -4.12568e-16  1.64149e-16  -2.71972e-16      0.531797  -2.02177e-15     0.244149     -0.244149 │
│   5     0.0405242     -0.22789   1.04783e-15  -2.02177e-15      0.760616     0.176084      0.176084 │
│   6    -0.0183498     0.027497   2.57519e-16      0.244149      0.176084      0.16021    -0.0639686 │
│   7    -0.0183498     0.027497  -4.42428e-16     -0.244149      0.176084   -0.0639686       0.16021 │
└                                                                                                     ┘
┌                                                                                                     ┐
│ Row             1            2             3             4             5            6             7 │
│   1        1.0533    -0.224063  -1.44763e-16  -4.94439e-16     0.0542877   -0.0135604    -0.0135604 │
│   2     -0.224063     0.987974   5.32857e-16   3.06215e-16     -0.307655   -0.0192605    -0.0192605 │
│   3  -1.44763e-16  5.32857e-16           1.0   7.27087e-16  -1.05587e-17  3.53043e-16  -9.94333e-16 │
│   4  -4.94439e-16  3.06215e-16   7.27087e-16      0.368795  -2.08392e-16     0.270833     -0.270833 │
│   5     0.0542877    -0.307655  -1.05587e-17  -2.08392e-16      0.613082     0.237929      0.237929 │
│   6    -0.0135604   -0.0192605   3.53043e-16      0.270833      0.237929      0.30338    -0.0944056 │
│   7    -0.0135604   -0.0192605  -9.94333e-16     -0.270833      0.237929   -0.0944056       0.30338 │
└                                                                                                     ┘
┌                                                                                                     ┐
│ Row             1            2             3             4             5            6             7 │
│   1        1.0533    -0.224063  -1.44763e-16  -4.94439e-16     0.0542877   -0.0135604    -0.0135604 │
│   2     -0.224063     0.987974   5.32857e-16   3.06215e-16     -0.307655   -0.0192605    -0.0192605 │
│   3  -1.44763e-16  5.32857e-16           1.0   7.27087e-16  -1.05587e-17  3.53043e-16  -9.94333e-16 │
│   4  -4.94439e-16  3.06215e-16   7.27087e-16      0.368795  -2.08392e-16     0.270833     -0.270833 │
│   5     0.0542877    -0.307655  -1.05587e-17  -2.08392e-16      0.613082     0.237929      0.237929 │
│   6    -0.0135604   -0.0192605   3.53043e-16      0.270833      0.237929      0.30338    -0.0944056 │
│   7    -0.0135604   -0.0192605  -9.94333e-16     -0.270833      0.237929   -0.0944056       0.30338 │
└                                                                                                     ┘
