┌                                                                                                     ┐
│ Row             1            2             3             4             5            6             7 │
│   1        1.0533    -0.224063  -1.44763e-16  -4.94439e-16     0.0542877   -0.0135604    -0.0135604 │
│   2     -0.224063     0.987974   5.32857e-16   3.06215e-16     -0.307655   -0.0192605    -0.0192605 │
│   3  -1.44763e-16  5.32857e-16           1.0   7.27087e-16  -1.05587e-17  3.53043e-16  -9.94333e-16 │
│   4  -4.94439e-16  3.06215e-16   7.27087e-16      0.368795  -2.08392e-16     0.270833     -0.270833 │
│   5     0.0542877    -0.307655  -1.05587e-17  -2.08392e-16      0.613082     0.237929      0.237929 │
│   6    -0.0135604   -0.0192605   3.53043e-16      0.270833      0.237929      0.30338    -0.0944056 │
│   7    -0.0135604   -0.0192605  -9.94333e-16     -0.270833      0.237929   -0.0944056       0.30338 │
└                                                                                                     ┘
┌                                                                                                     ┐
│ Row             1            2             3             4             5            6             7 │
│   1        1.0533    -0.224063  -1.44763e-16  -4.94439e-16     0.0542877   -0.0135604    -0.0135604 │
│   2     -0.224063     0.987974   5.32857e-16   3.06215e-16     -0.307655   -0.0192605    -0.0192605 │
│   3  -1.44763e-16  5.32857e-16           1.0   7.27087e-16  -1.05587e-17  3.53043e-16  -9.94333e-16 │
│   4  -4.94439e-16  3.06215e-16   7.27087e-16      0.368795  -2.08392e-16     0.270833     -0.270833 │
│   5     0.0542877    -0.307655  -1.05587e-17  -2.08392e-16      0.613082     0.237929      0.237929 │
│   6    -0.0135604   -0.0192605   3.53043e-16      0.270833      0.237929      0.30338    -0.0944056 │
│   7    -0.0135604   -0.0192605  -9.94333e-16     -0.270833      0.237929   -0.0944056       0.30338 │
└                                                                                                     ┘
┌                                                                                                     ┐
│ Row             1            2             3             4             5            6             7 │
│   1       1.05323    -0.221214   -2.5727e-17  -4.12568e-16     0.0405242   -0.0183498    -0.0183498 │
│   2     -0.221214     0.952949    -3.819e-17   1.64149e-16      -0.22789     0.027497      0.027497 │
│   3   -2.5727e-17   -3.819e-17           1.0  -2.71972e-16   1.04783e-15  2.57519e-16  -4.42428e-16 │
│   4  -4.12568e-16  1.64149e-16  -2.71972e-16      0.531797  -2.02177e-15     0.244149     -0.244149 │
│   5     0.0405242     -0.22789   1.04783e-15  -2.02177e-15      0.760616     0.176084      0.176084 │
│   6    -0.0183498     0.027497   2.57519e-16      0.244149      0.176084      0.16021    -0.0639686 │
│   7    -0.0183498     0.027497  -4.42428e-16     -0.244149      0.176084   -0.0639686       0.16021 │
└                                                                                                     ┘
┌                                                                                                     ┐
│ Row             1            2             3             4             5            6             7 │
│   1        1.0533    -0.224063  -1.44763e-16  -4.94439e-16     0.0542877   -0.0135604    -0.0135604 │
│   2     -0.224063     0.987974   5.32857e-16   3.06215e-16     -0.307655   -0.0192605    -0.0192605 │
│   3  -1.44763e-16  5.32857e-16           1.0   7.27087e-16  -1.05587e-17  3.53043e-16  -9.94333e-16 │
│   4  -4.94439e-16  3.06215e-16   7.27087e-16      0.368795  -2.08392e-16     0.270833     -0.270833 │
│   5     0.0542877    -0.307655  -1.05587e-17  -2.08392e-16      0.613082     0.237929      0.237929 │
│   6    -0.0135604   -0.0192605   3.53043e-16      0.270833      0.237929      0.30338    -0.0944056 │
│   7    -0.0135604   -0.0192605  -9.94333e-16     -0.270833      0.237929   -0.0944056       0.30338 │
└                                                                                                     ┘
┌                                                                                                     ┐
│ Row             1            2             3             4             5            6             7 │
│   1        1.0533    -0.224063  -1.44763e-16  -4.94439e-16     0.0542877   -0.0135604    -0.0135604 │
│   2     -0.224063     0.987974   5.32857e-16   3.06215e-16     -0.307655   -0.0192605    -0.0192605 │
│   3  -1.44763e-16  5.32857e-16           1.0   7.27087e-16  -1.05587e-17  3.53043e-16  -9.94333e-16 │
│   4  -4.94439e-16  3.06215e-16   7.27087e-16      0.368795  -2.08392e-16     0.270833     -0.270833 │
│   5     0.0542877    -0.307655  -1.05587e-17  -2.08392e-16      0.613082     0.237929      0.237929 │
│   6    -0.0135604   -0.0192605   3.53043e-16      0.270833      0.237929      0.30338    -0.0944056 │
│   7    -0.0135604   -0.0192605  -9.94333e-16     -0.270833      0.237929   -0.0944056       0.30338 │
└                                                                                                     ┘
┌                                                                                                      ┐
│ Row             1             2             3             4             5             6            7 │
│   1        1.0533     -0.224063  -1.74931e-16   -5.4592e-16     0.0542877    -0.0135604   -0.0135604 │
│   2     -0.224063      0.987974   1.00973e-15  -9.80803e-17     -0.307655    -0.0192605   -0.0192605 │
│   3  -1.74931e-16   1.00973e-15           1.0   5.81657e-16  -1.67766e-15  -7.39199e-17  -7.3953e-16 │
│   4   -5.4592e-16  -9.80803e-17   5.81657e-16      0.368795  -6.07714e-17      0.270833    -0.270833 │
│   5     0.0542877     -0.307655  -1.67766e-15  -6.07714e-17      0.613082      0.237929     0.237929 │
│   6    -0.0135604    -0.0192605  -7.39199e-17      0.270833      0.237929       0.30338   -0.0944056 │
│   7    -0.0135604    -0.0192605   -7.3953e-16     -0.270833      0.237929    -0.0944056      0.30338 │
└                                                                                                      ┘
┌                                                                                                      ┐
│ Row             1             2             3             4             5             6            7 │
│   1        1.0533     -0.224063  -1.74931e-16   -5.4592e-16     0.0542877    -0.0135604   -0.0135604 │
│   2     -0.224063      0.987974   1.00973e-15  -9.80803e-17     -0.307655    -0.0192605   -0.0192605 │
│   3  -1.74931e-16   1.00973e-15           1.0   5.81657e-16  -1.67766e-15  -7.39199e-17  -7.3953e-16 │
│   4   -5.4592e-16  -9.80803e-17   5.81657e-16      0.368795  -6.07714e-17      0.270833    -0.270833 │
│   5     0.0542877     -0.307655  -1.67766e-15  -6.07714e-17      0.613082      0.237929     0.237929 │
│   6    -0.0135604    -0.0192605  -7.39199e-17      0.270833      0.237929       0.30338   -0.0944056 │
│   7    -0.0135604    -0.0192605   -7.3953e-16     -0.270833      0.237929    -0.0944056      0.30338 │
└                                                                                                      ┘
┌                                                                                                      ┐
│ Row             1             2             3             4             5             6            7 │
│   1        1.0533     -0.224063  -1.74931e-16   -5.4592e-16     0.0542877    -0.0135604   -0.0135604 │
│   2     -0.224063      0.987974   1.00973e-15  -9.80803e-17     -0.307655    -0.0192605   -0.0192605 │
│   3  -1.74931e-16   1.00973e-15           1.0   5.81657e-16  -1.67766e-15  -7.39199e-17  -7.3953e-16 │
│   4   -5.4592e-16  -9.80803e-17   5.81657e-16      0.368795  -6.07714e-17      0.270833    -0.270833 │
│   5     0.0542877     -0.307655  -1.67766e-15  -6.07714e-17      0.613082      0.237929     0.237929 │
│   6    -0.0135604    -0.0192605  -7.39199e-17      0.270833      0.237929       0.30338   -0.0944056 │
│   7    -0.0135604    -0.0192605   -7.3953e-16     -0.270833      0.237929    -0.0944056      0.30338 │
└                                                                                                      ┘
┌                                                                                                      ┐
│ Row             1             2             3             4             5             6            7 │
│   1        1.0533     -0.224063  -1.74931e-16   -5.4592e-16     0.0542877    -0.0135604   -0.0135604 │
│   2     -0.224063      0.987974   1.00973e-15  -9.80803e-17     -0.307655    -0.0192605   -0.0192605 │
│   3  -1.74931e-16   1.00973e-15           1.0   5.81657e-16  -1.67766e-15  -7.39199e-17  -7.3953e-16 │
│   4   -5.4592e-16  -9.80803e-17   5.81657e-16      0.368795  -6.07714e-17      0.270833    -0.270833 │
│   5     0.0542877     -0.307655  -1.67766e-15  -6.07714e-17      0.613082      0.237929     0.237929 │
│   6    -0.0135604    -0.0192605  -7.39199e-17      0.270833      0.237929       0.30338   -0.0944056 │
│   7    -0.0135604    -0.0192605   -7.3953e-16     -0.270833      0.237929    -0.0944056      0.30338 │
└                                                                                                      ┘
┌                                                                                                      ┐
│ Row             1             2             3             4             5             6            7 │
│   1        1.0533     -0.224063  -1.74931e-16   -5.4592e-16     0.0542877    -0.0135604   -0.0135604 │
│   2     -0.224063      0.987974   1.00973e-15  -9.80803e-17     -0.307655    -0.0192605   -0.0192605 │
│   3  -1.74931e-16   1.00973e-15           1.0   5.81657e-16  -1.67766e-15  -7.39199e-17  -7.3953e-16 │
│   4   -5.4592e-16  -9.80803e-17   5.81657e-16      0.368795  -6.07714e-17      0.270833    -0.270833 │
│   5     0.0542877     -0.307655  -1.67766e-15  -6.07714e-17      0.613082      0.237929     0.237929 │
│   6    -0.0135604    -0.0192605  -7.39199e-17      0.270833      0.237929       0.30338   -0.0944056 │
│   7    -0.0135604    -0.0192605   -7.3953e-16     -0.270833      0.237929    -0.0944056      0.30338 │
└                                                                                                      ┘
┌                                                                                                      ┐
│ Row             1             2             3             4             5             6            7 │
│   1        1.0533     -0.224063  -1.74931e-16   -5.4592e-16     0.0542877    -0.0135604   -0.0135604 │
│   2     -0.224063      0.987974   1.00973e-15  -9.80803e-17     -0.307655    -0.0192605   -0.0192605 │
│   3  -1.74931e-16   1.00973e-15           1.0   5.81657e-16  -1.67766e-15  -7.39199e-17  -7.3953e-16 │
│   4   -5.4592e-16  -9.80803e-17   5.81657e-16      0.368795  -6.07714e-17      0.270833    -0.270833 │
│   5     0.0542877     -0.307655  -1.67766e-15  -6.07714e-17      0.613082      0.237929     0.237929 │
│   6    -0.0135604    -0.0192605  -7.39199e-17      0.270833      0.237929       0.30338   -0.0944056 │
│   7    -0.0135604    -0.0192605   -7.3953e-16     -0.270833      0.237929    -0.0944056      0.30338 │
└                                                                                                      ┘
┌                                                                                                      ┐
│ Row             1             2             3             4             5             6            7 │
│   1        1.0533     -0.224063  -1.74931e-16   -5.4592e-16     0.0542877    -0.0135604   -0.0135604 │
│   2     -0.224063      0.987974   1.00973e-15  -9.80803e-17     -0.307655    -0.0192605   -0.0192605 │
│   3  -1.74931e-16   1.00973e-15           1.0   5.81657e-16  -1.67766e-15  -7.39199e-17  -7.3953e-16 │
│   4   -5.4592e-16  -9.80803e-17   5.81657e-16      0.368795  -6.07714e-17      0.270833    -0.270833 │
│   5     0.0542877     -0.307655  -1.67766e-15  -6.07714e-17      0.613082      0.237929     0.237929 │
│   6    -0.0135604    -0.0192605  -7.39199e-17      0.270833      0.237929       0.30338   -0.0944056 │
│   7    -0.0135604    -0.0192605   -7.3953e-16     -0.270833      0.237929    -0.0944056      0.30338 │
└                                                                                                      ┘
┌                                                                                                      ┐
│ Row             1             2             3             4             5             6            7 │
│   1        1.0533     -0.224063  -1.74931e-16   -5.4592e-16     0.0542877    -0.0135604   -0.0135604 │
│   2     -0.224063      0.987974   1.00973e-15  -9.80803e-17     -0.307655    -0.0192605   -0.0192605 │
│   3  -1.74931e-16   1.00973e-15           1.0   5.81657e-16  -1.67766e-15  -7.39199e-17  -7.3953e-16 │
│   4   -5.4592e-16  -9.80803e-17   5.81657e-16      0.368795  -6.07714e-17      0.270833    -0.270833 │
│   5     0.0542877     -0.307655  -1.67766e-15  -6.07714e-17      0.613082      0.237929     0.237929 │
│   6    -0.0135604    -0.0192605  -7.39199e-17      0.270833      0.237929       0.30338   -0.0944056 │
│   7    -0.0135604    -0.0192605   -7.3953e-16     -0.270833      0.237929    -0.0944056      0.30338 │
└                                                                                                      ┘
┌                                                                                                      ┐
│ Row             1             2             3             4             5             6            7 │
│   1        1.0533     -0.224063  -1.74931e-16   -5.4592e-16     0.0542877    -0.0135604   -0.0135604 │
│   2     -0.224063      0.987974   1.00973e-15  -9.80803e-17     -0.307655    -0.0192605   -0.0192605 │
│   3  -1.74931e-16   1.00973e-15           1.0   5.81657e-16  -1.67766e-15  -7.39199e-17  -7.3953e-16 │
│   4   -5.4592e-16  -9.80803e-17   5.81657e-16      0.368795  -6.07714e-17      0.270833    -0.270833 │
│   5     0.0542877     -0.307655  -1.67766e-15  -6.07714e-17      0.613082      0.237929     0.237929 │
│   6    -0.0135604    -0.0192605  -7.39199e-17      0.270833      0.237929       0.30338   -0.0944056 │
│   7    -0.0135604    -0.0192605   -7.3953e-16     -0.270833      0.237929    -0.0944056      0.30338 │
└                                                                                                      ┘
┌                                                                                                      ┐
│ Row             1             2             3             4             5             6            7 │
│   1        1.0533     -0.224063  -1.74931e-16   -5.4592e-16     0.0542877    -0.0135604   -0.0135604 │
│   2     -0.224063      0.987974   1.00973e-15  -9.80803e-17     -0.307655    -0.0192605   -0.0192605 │
│   3  -1.74931e-16   1.00973e-15           1.0   5.81657e-16  -1.67766e-15  -7.39199e-17  -7.3953e-16 │
│   4   -5.4592e-16  -9.80803e-17   5.81657e-16      0.368795  -6.07714e-17      0.270833    -0.270833 │
│   5     0.0542877     -0.307655  -1.67766e-15  -6.07714e-17      0.613082      0.237929     0.237929 │
│   6    -0.0135604    -0.0192605  -7.39199e-17      0.270833      0.237929       0.30338   -0.0944056 │
│   7    -0.0135604    -0.0192605   -7.3953e-16     -0.270833      0.237929    -0.0944056      0.30338 │
└                                                                                                      ┘
┌                                                                                                      ┐
│ Row             1             2             3             4             5             6            7 │
│   1        1.0533     -0.224063  -1.74931e-16   -5.4592e-16     0.0542877    -0.0135604   -0.0135604 │
│   2     -0.224063      0.987974   1.00973e-15  -9.80803e-17     -0.307655    -0.0192605   -0.0192605 │
│   3  -1.74931e-16   1.00973e-15           1.0   5.81657e-16  -1.67766e-15  -7.39199e-17  -7.3953e-16 │
│   4   -5.4592e-16  -9.80803e-17   5.81657e-16      0.368795  -6.07714e-17      0.270833    -0.270833 │
│   5     0.0542877     -0.307655  -1.67766e-15  -6.07714e-17      0.613082      0.237929     0.237929 │
│   6    -0.0135604    -0.0192605  -7.39199e-17      0.270833      0.237929       0.30338   -0.0944056 │
│   7    -0.0135604    -0.0192605   -7.3953e-16     -0.270833      0.237929    -0.0944056      0.30338 │
└                                                                                                      ┘
┌                                                                                                      ┐
│ Row             1             2             3             4             5             6            7 │
│   1        1.0533     -0.224063  -1.74931e-16   -5.4592e-16     0.0542877    -0.0135604   -0.0135604 │
│   2     -0.224063      0.987974   1.00973e-15  -9.80803e-17     -0.307655    -0.0192605   -0.0192605 │
│   3  -1.74931e-16   1.00973e-15           1.0   5.81657e-16  -1.67766e-15  -7.39199e-17  -7.3953e-16 │
│   4   -5.4592e-16  -9.80803e-17   5.81657e-16      0.368795  -6.07714e-17      0.270833    -0.270833 │
│   5     0.0542877     -0.307655  -1.67766e-15  -6.07714e-17      0.613082      0.237929     0.237929 │
│   6    -0.0135604    -0.0192605  -7.39199e-17      0.270833      0.237929       0.30338   -0.0944056 │
│   7    -0.0135604    -0.0192605   -7.3953e-16     -0.270833      0.237929    -0.0944056      0.30338 │
└                                                                                                      ┘
┌                                                                                                      ┐
│ Row             1             2             3             4             5             6            7 │
│   1        1.0533     -0.224063  -1.74931e-16   -5.4592e-16     0.0542877    -0.0135604   -0.0135604 │
│   2     -0.224063      0.987974   1.00973e-15  -9.80803e-17     -0.307655    -0.0192605   -0.0192605 │
│   3  -1.74931e-16   1.00973e-15           1.0   5.81657e-16  -1.67766e-15  -7.39199e-17  -7.3953e-16 │
│   4   -5.4592e-16  -9.80803e-17   5.81657e-16      0.368795  -6.07714e-17      0.270833    -0.270833 │
│   5     0.0542877     -0.307655  -1.67766e-15  -6.07714e-17      0.613082      0.237929     0.237929 │
│   6    -0.0135604    -0.0192605  -7.39199e-17      0.270833      0.237929       0.30338   -0.0944056 │
│   7    -0.0135604    -0.0192605   -7.3953e-16     -0.270833      0.237929    -0.0944056      0.30338 │
└                                                                                                      ┘
┌                                                                                                      ┐
│ Row             1             2             3             4             5             6            7 │
│   1        1.0533     -0.224063  -1.74931e-16   -5.4592e-16     0.0542877    -0.0135604   -0.0135604 │
│   2     -0.224063      0.987974   1.00973e-15  -9.80803e-17     -0.307655    -0.0192605   -0.0192605 │
│   3  -1.74931e-16   1.00973e-15           1.0   5.81657e-16  -1.67766e-15  -7.39199e-17  -7.3953e-16 │
│   4   -5.4592e-16  -9.80803e-17   5.81657e-16      0.368795  -6.07714e-17      0.270833    -0.270833 │
│   5     0.0542877     -0.307655  -1.67766e-15  -6.07714e-17      0.613082      0.237929     0.237929 │
│   6    -0.0135604    -0.0192605  -7.39199e-17      0.270833      0.237929       0.30338   -0.0944056 │
│   7    -0.0135604    -0.0192605   -7.3953e-16     -0.270833      0.237929    -0.0944056      0.30338 │
└                                                                                                      ┘
┌                                                                                                                                                                                                                                                                                                                                                    ┐
│ Row             1             2             3             4             5             6             7             8             9            10            11            12            13            14            15           16            17            18            19            20            21            22            23            24 │
│   1       1.08626      0.141354      0.124957   9.35681e-17   4.28336e-14    -0.0463149   1.09314e-16  -1.15161e-14    -0.0358867  -5.90945e-16   4.17882e-15   -0.00136761  -2.25563e-17   0.000135333     0.0606237  -0.00526542   8.19417e-17   -0.00785243   -0.00697202     0.0606237   -0.00526542  -1.09006e-16    0.00785243   -0.00697202 │
│   2      0.141354      0.345521       0.22756   2.55525e-16   4.28961e-14    -0.0905254   3.38188e-16  -9.23061e-15    -0.0742951  -5.65819e-17   3.36936e-15   -0.00262624   6.55675e-17   -0.00134389      0.109988  -0.00734662   7.93169e-17    -0.0113682    -0.0107555      0.109988   -0.00734662   1.43611e-16     0.0113682    -0.0107555 │
│   3      0.124957       0.22756      0.195719  -1.49211e-16   2.65476e-14     -0.225486   1.82149e-16   3.81211e-15     -0.120425  -5.51412e-17   2.10789e-15   -0.00543162   4.27748e-17   0.000161688     -0.019954   -0.0162094    5.0565e-17   0.000812102   -0.00724105     -0.019954    -0.0162094   4.87779e-17  -0.000812102   -0.00724105 │
│   4   9.35681e-17   2.55525e-16  -1.49211e-16      0.834323  -8.22521e-16  -8.55665e-16      0.454246  -7.44247e-16  -5.99654e-16  -3.99606e-16   -4.2784e-17   6.25847e-17     0.0167901  -1.45873e-16  -1.39202e-16  1.72671e-15     0.0262654  -2.24052e-17  -2.51062e-16  -1.24242e-15  -1.42864e-15     0.0262654   -2.8079e-16   6.39513e-16 │
│   5   4.28336e-14   4.28961e-14   2.65476e-14  -8.22521e-16      0.501493     1.196e-13  -3.91984e-16      0.162789   1.05677e-14   1.60595e-17     0.0184155    2.4977e-15   -1.0302e-16  -2.91123e-15      0.391512    0.0611919   6.35494e-17    -0.0151899    -0.0216037     -0.391512    -0.0611919  -2.63405e-17    -0.0151899     0.0216037 │
│   6    -0.0463149    -0.0905254     -0.225486  -8.55665e-16     1.196e-13      0.634952   -1.0087e-15   4.65958e-15      0.282771   2.10012e-17   4.29835e-15     0.0143212  -6.03064e-17   -0.00343938      0.313849    0.0436566  -7.10781e-17    -0.0279912    0.00312828      0.313849     0.0436566    5.2083e-17     0.0279912    0.00312828 │
│   7   1.09314e-16   3.38188e-16   1.82149e-16      0.454246  -3.91984e-16   -1.0087e-15      0.247314  -3.87079e-16  -5.80613e-16  -2.17565e-16  -2.12433e-17   2.16195e-17    0.00914135  -7.71698e-17  -2.44527e-16  9.09232e-16     0.0143002   4.53088e-18  -1.45465e-16  -9.32354e-16  -8.22319e-16     0.0143002  -1.72988e-16   3.44218e-16 │
│   8  -1.15161e-14  -9.23061e-15   3.81211e-15  -7.44247e-16      0.162789   4.65958e-15  -3.87079e-16     0.0528428  -8.89697e-15   5.21307e-18    0.00597783   9.08592e-17  -4.30454e-17   -6.1551e-16      0.127088    0.0198634   5.60438e-18   -0.00493078   -0.00701276     -0.127088    -0.0198634  -2.35747e-17   -0.00493078    0.00701276 │
│   9    -0.0358867    -0.0742951     -0.120425  -5.99654e-16   1.05677e-14      0.282771  -5.80613e-16  -8.89697e-15      0.129404   1.56524e-17   1.61752e-16    0.00643766  -3.67294e-17   -0.00134523      0.123933    0.0195592  -4.52458e-17    -0.0108913    0.00245011      0.123933     0.0195592   1.55358e-18     0.0108913    0.00245011 │
│  10  -5.90945e-16  -5.65819e-17  -5.51412e-17  -3.99606e-16   1.60595e-17   2.10012e-17  -2.17565e-16   5.21307e-18   1.56524e-17   5.14658e-31   5.89728e-19   6.15434e-19  -8.04176e-18  -1.64705e-19   -1.3511e-17  4.48221e-18    -1.258e-17   3.08943e-18   2.48992e-18  -3.85861e-17   5.63058e-19    -1.258e-17  -4.06229e-18   3.87358e-18 │
│  11   4.17882e-15   3.36936e-15   2.10789e-15   -4.2784e-17     0.0184155   4.29835e-15  -2.12433e-17    0.00597783   1.61752e-16   5.89728e-19   0.000676241    8.6323e-17  -4.03618e-18  -1.15072e-16     0.0143768   0.00224705   1.93759e-18  -0.000557794  -0.000793317    -0.0143768   -0.00224705  -1.36329e-18  -0.000557794   0.000793317 │
│  12   -0.00136761   -0.00262624   -0.00543162   6.25847e-17    2.4977e-15     0.0143212   2.16195e-17   9.08592e-17    0.00643766   6.15434e-19    8.6323e-17   0.000324044   1.96431e-19   -7.44038e-5    0.00680515  0.000986772   8.56327e-19  -0.000604038    8.88883e-5    0.00680515   0.000986772    3.5084e-18   0.000604038    8.88883e-5 │
│  13  -2.25563e-17   6.55675e-17   4.27748e-17     0.0167901   -1.0302e-16  -6.03064e-17    0.00914135  -4.30454e-17  -3.67294e-17  -8.04176e-18  -4.03618e-18   1.96431e-19   0.000337888   -3.0318e-18  -6.73546e-17  2.11308e-17   0.000528571   1.73804e-18  -3.09853e-18   4.54523e-17  -2.12668e-17   0.000528571  -2.60154e-18   7.37381e-18 │
│  14   0.000135333   -0.00134389   0.000161688  -1.45873e-16  -2.91123e-15   -0.00343938  -7.71698e-17   -6.1551e-16   -0.00134523  -1.64705e-19  -1.15072e-16   -7.44038e-5   -3.0318e-18    2.91284e-5   -0.00254063  -0.00023128  -4.68131e-18   0.000234079    3.83409e-5   -0.00254063   -0.00023128  -5.93112e-18  -0.000234079    3.83409e-5 │
│  15     0.0606237      0.109988     -0.019954  -1.39202e-16      0.391512      0.313849  -2.44527e-16      0.127088      0.123933   -1.3511e-17     0.0143768    0.00680515  -6.73546e-17   -0.00254063      0.533187    0.0687959   7.48577e-17    -0.0329138    -0.0201676    -0.0781132    -0.0267482    9.9279e-17    0.00919651     0.0135641 │
│  16   -0.00526542   -0.00734662    -0.0162094   1.72671e-15     0.0611919     0.0436566   9.09232e-16     0.0198634     0.0195592   4.48221e-18    0.00224705   0.000986772   2.11308e-17   -0.00023128     0.0687959    0.0104746   6.19401e-17   -0.00372038   -0.00238213    -0.0267482   -0.00445859   5.95038e-17    1.34538e-5    0.00289001 │
│  17   8.19417e-17   7.93169e-17    5.0565e-17     0.0262654   6.35494e-17  -7.10781e-17     0.0143002   5.60438e-18  -4.52458e-17    -1.258e-17   1.93759e-18   8.56327e-19   0.000528571  -4.68131e-18   7.48577e-17  6.19401e-17   0.000826864  -4.64573e-18  -1.41118e-17  -9.95282e-17  -5.92214e-17   0.000826864  -1.03176e-17   2.16307e-17 │
│  18   -0.00785243    -0.0113682   0.000812102  -2.24052e-17    -0.0151899    -0.0279912   4.53088e-18   -0.00493078    -0.0108913   3.08943e-18  -0.000557794  -0.000604038   1.73804e-18   0.000234079    -0.0329138  -0.00372038  -4.64573e-18    0.00241639    0.00100168   -0.00919651   -1.34538e-5  -1.03639e-17    -0.0014962  -0.000307049 │
│  19   -0.00697202    -0.0107555   -0.00724105  -2.51062e-16    -0.0216037    0.00312828  -1.45465e-16   -0.00701276    0.00245011   2.48992e-18  -0.000793317    8.88883e-5  -3.09853e-18    3.83409e-5    -0.0201676  -0.00238213  -1.41118e-17    0.00100168    0.00127203     0.0135641    0.00289001  -1.16326e-17   0.000307049  -0.000589295 │
│  20     0.0606237      0.109988     -0.019954  -1.24242e-15     -0.391512      0.313849  -9.32354e-16     -0.127088      0.123933  -3.85861e-17    -0.0143768    0.00680515   4.54523e-17   -0.00254063    -0.0781132   -0.0267482  -9.95282e-17   -0.00919651     0.0135641      0.533187     0.0687959   6.52459e-17     0.0329138    -0.0201676 │
│  21   -0.00526542   -0.00734662    -0.0162094  -1.42864e-15    -0.0611919     0.0436566  -8.22319e-16    -0.0198634     0.0195592   5.63058e-19   -0.00224705   0.000986772  -2.12668e-17   -0.00023128    -0.0267482  -0.00445859  -5.92214e-17   -1.34538e-5    0.00289001     0.0687959     0.0104746   -3.9721e-17    0.00372038   -0.00238213 │
│  22  -1.09006e-16   1.43611e-16   4.87779e-17     0.0262654  -2.63405e-17    5.2083e-17     0.0143002  -2.35747e-17   1.55358e-18    -1.258e-17  -1.36329e-18    3.5084e-18   0.000528571  -5.93112e-18    9.9279e-17  5.95038e-17   0.000826864  -1.03639e-17  -1.16326e-17   6.52459e-17   -3.9721e-17   0.000826864   8.46075e-19   1.63652e-17 │
│  23    0.00785243     0.0113682  -0.000812102   -2.8079e-16    -0.0151899     0.0279912  -1.72988e-16   -0.00493078     0.0108913  -4.06229e-18  -0.000557794   0.000604038  -2.60154e-18  -0.000234079    0.00919651   1.34538e-5  -1.03176e-17    -0.0014962   0.000307049     0.0329138    0.00372038   8.46075e-19    0.00241639   -0.00100168 │
│  24   -0.00697202    -0.0107555   -0.00724105   6.39513e-16     0.0216037    0.00312828   3.44218e-16    0.00701276    0.00245011   3.87358e-18   0.000793317    8.88883e-5   7.37381e-18    3.83409e-5     0.0135641   0.00289001   2.16307e-17  -0.000307049  -0.000589295    -0.0201676   -0.00238213   1.63652e-17   -0.00100168    0.00127203 │
└                                                                                                                                                                                                                                                                                                                                                    ┘
┌                                                                                                                                                                                                                                                                                                                                                                                                                                                                                                                                                                                                                                                                                                                                                                                                                                                               ┐
│ Row             1             2             3             4             5             6             7             8             9            10            11            12            13            14            15            16            17            18            19            20            21            22            23            24            25            26            27            28            29            30            31            32            33            34            35            36            37            38            39            40            41            42            43            44            45            46            47            48            49            50            51            52            53            54            55            56            57            58            59 │
│   1       1.38766       1.28811     -0.069265     -0.138188    -0.0556016      7.812e-8  -3.52425e-15     0.0421308    6.64656e-8   3.84939e-14     0.0300939    4.49915e-8    5.3216e-14     0.0641641  -2.79403e-17  -9.65408e-17   0.000291329    1.82086e-9   0.000453517   7.47009e-16   5.95975e-15    0.00027866    5.92896e-9    0.00148334  -4.00723e-16   4.59075e-16   8.55138e-16    3.13802e-5  -1.56248e-10   0.000131452   1.09203e-10    -0.0620298    -0.0058962    0.00176445   2.29187e-10    0.00223871    0.00241975  -8.35555e-10   -6.78922e-6    0.00211667  -6.50563e-11   -0.00118804  -0.000398455   1.18622e-11   0.000408033    -0.0620298    -0.0058962    0.00176445   2.29187e-10   -0.00223871    0.00241975  -8.35554e-10    6.78922e-6    0.00211667   6.50572e-11    0.00118804  -0.000398455   1.18614e-11   0.000408033 │
│   2       1.28811       1.21834     -0.116937     -0.199279    -0.0840686     1.1935e-7  -3.64876e-15     0.0615459    1.03401e-7   2.91985e-14     0.0482451    7.19163e-8   5.27863e-14     0.0960079   -2.9145e-17  -1.09454e-16   0.000410849    3.57186e-9   0.000734397   6.75464e-16   4.66922e-15   0.000604413    8.85213e-9    0.00205698  -3.10806e-16    4.1485e-16   6.93358e-16   0.000124236  -2.36548e-10   0.000276049   1.64444e-10    -0.0914616   -0.00876904    0.00292263   3.58657e-10    0.00321326    0.00345219   -1.06648e-9   0.000164859    0.00325809  -9.76933e-11   -0.00153095  -0.000523625   3.03036e-11   0.000503511    -0.0914616   -0.00876904    0.00292263   3.58658e-10   -0.00321326    0.00345219   -1.06648e-9  -0.000164859    0.00325809   9.76942e-11    0.00153095  -0.000523625   3.03029e-11   0.000503511 │
│   3     -0.069265     -0.116937       0.12592      0.172264      0.079028   -1.43492e-7   -4.9791e-15     -0.057944   -1.30636e-7    7.3866e-15    -0.0521567   -1.14283e-7  -1.49032e-14    -0.0915234   8.79733e-18  -5.68655e-17  -0.000367139   -4.61953e-9  -0.000732489    4.5876e-18   1.44758e-15   -0.00089343   -8.67498e-9   -0.00163078  -9.20798e-17   3.46534e-18   1.80941e-16  -0.000226144   1.92014e-10  -0.000352283  -3.22786e-11     0.0797837    0.00719022   -0.00324679  -6.98984e-10   -0.00268681   -0.00291073  -4.58774e-10  -0.000272202   -0.00315068   2.60752e-10    0.00104261   0.000388977   6.55425e-11   -0.00028815     0.0797837    0.00719022   -0.00324679  -6.98984e-10    0.00268681   -0.00291073  -4.58774e-10   0.000272202   -0.00315068  -2.60752e-10   -0.00104261   0.000388977   6.55425e-11   -0.00028815 │
│   4     -0.138188     -0.199279      0.172264      0.238637      0.114996   -2.21747e-7   3.22585e-14     -0.111247   -2.04203e-7   3.95144e-14     -0.100983   -2.04296e-7  -2.96966e-15     -0.156328   1.22294e-17   5.98893e-16  -0.000730402   -6.25013e-9  -0.000836201  -1.69566e-17   2.13834e-15   -0.00186864   -1.25156e-8   -0.00202972  -1.91294e-16  -9.13415e-18   1.07948e-16  -0.000335237   4.00202e-10   -0.00037038   4.65609e-11     0.0911792    0.00319547   -0.00591682   -1.32793e-9   -0.00312869   -0.00387144   -2.58437e-9   0.000724395    -0.0046387    5.9023e-10    0.00133563   0.000637059    1.8379e-10  -0.000207291     0.0911792    0.00319547   -0.00591682   -1.32793e-9    0.00312869   -0.00387144   -2.58437e-9  -0.000724395    -0.0046387   -5.9023e-10   -0.00133563   0.000637059    1.8379e-10  -0.000207291 │
│   5    -0.0556016    -0.0840686      0.079028      0.114996      0.076452   -1.13014e-7   4.35116e-14     -0.166816   -1.06755e-7   2.90901e-14     -0.154614   -1.64065e-7  -2.67258e-15      -0.18392   3.46774e-18   7.34247e-16   -0.00115911    -2.2386e-9   0.000229765  -1.98911e-19   -9.1004e-16   -0.00324956   -6.43602e-9  -0.000122087   4.32318e-17   1.98682e-18   -3.1635e-16   -0.00025996   8.11774e-10    0.00023071   4.19189e-11    -0.0261798     -0.023082   -0.00811638   -1.08753e-9   0.000660739   -0.00127032   -5.67849e-9    0.00432752   -0.00328291   7.10567e-10   0.000204825   0.000653516   1.38954e-10   0.000619879    -0.0261798     -0.023082   -0.00811638   -1.08753e-9  -0.000660739   -0.00127032   -5.67849e-9   -0.00432752   -0.00328291  -7.10567e-10  -0.000204825   0.000653516   1.38954e-10   0.000619879 │
│   6      7.812e-8     1.1935e-7   -1.43492e-7   -2.21747e-7   -1.13014e-7      0.845962   1.55885e-15   -3.34094e-7      0.834987  -2.99365e-15   -3.37575e-7       1.10855  -2.01085e-16   -1.13035e-7  -2.33393e-16   9.33143e-17    1.98309e-9    0.00478083   -8.68114e-9   3.10967e-15  -8.02269e-16    1.28417e-9     0.0158402   -1.90937e-8   7.73338e-17   6.12735e-16   -1.1072e-16     2.3266e-9    0.00135298   -3.86858e-9   -0.00333219    1.11543e-7    1.18472e-7    1.86325e-7    0.00930488    6.44317e-9    3.33904e-9     0.0289436   -2.47388e-9   5.42087e-10   -0.00438326   -1.26362e-9   -3.7757e-11   -0.00305356    1.68529e-9    1.11543e-7    1.18472e-7    1.86325e-7    0.00930488   -6.44317e-9    3.33904e-9     0.0289436    2.47388e-9   5.42088e-10    0.00438326    1.26362e-9  -3.77568e-11   -0.00305356    1.68529e-9 │
│   7  -3.52425e-15  -3.64876e-15   -4.9791e-15   3.22585e-14   4.35116e-14   1.55885e-15      0.534474  -9.21203e-15   2.39545e-15      0.479961   3.03395e-14  -9.86708e-16      0.332534   3.97253e-14   -2.71311e-9    0.00942372  -2.49782e-16  -4.74675e-17   3.06362e-18    1.18661e-9     0.0155565  -2.87119e-16  -2.93727e-17  -7.69327e-15   -0.00200508   -2.50814e-9  -0.000127525  -1.21893e-15  -2.79565e-17   -7.9054e-16   -1.3575e-16      0.434496      0.158947     0.0418825    1.09401e-9   -0.00820185     -0.010384    1.72543e-8    -0.0117361    -0.0157436  -3.50415e-10    0.00463092    0.00169229   -1.16751e-9    -0.0023218     -0.434496     -0.158947    -0.0418825   -1.09401e-9   -0.00820185      0.010384   -1.72543e-8    -0.0117361     0.0157436  -3.50416e-10    0.00463092   -0.00169229    1.16751e-9     0.0023218 │
│   8     0.0421308     0.0615459     -0.057944     -0.111247     -0.166816   -3.34094e-7  -9.21203e-15       0.66212   -3.24378e-7   6.94604e-14      0.618009   -1.67677e-7   1.06794e-13      0.658093   6.79627e-18   7.91205e-17    0.00469225   -3.96192e-9   -0.00302536  -1.42508e-17   1.42278e-14     0.0135246  -8.04799e-10   -0.00366431  -1.24243e-15  -1.73721e-17   1.92616e-15   0.000682733   -4.27478e-9   -0.00203778    1.72542e-9      0.335606      0.131261     0.0311231   -2.14233e-9    -0.0102307   -0.00140247    9.00548e-9    -0.0217946    0.00779928  -1.35425e-10    0.00173348   -0.00216774    1.33961e-9   -0.00377926      0.335606      0.131261     0.0311231   -2.14233e-9     0.0102307   -0.00140247    9.00548e-9     0.0217946    0.00779928   1.35425e-10   -0.00173348   -0.00216774    1.33961e-9   -0.00377926 │
│   9    6.64656e-8    1.03401e-7   -1.30636e-7   -2.04203e-7   -1.06755e-7      0.834987   2.39545e-15   -3.24378e-7      0.824154  -2.18537e-15    -3.2796e-7       1.09416   3.34618e-16   -1.09452e-7  -2.30365e-16   1.07211e-16    1.99957e-9    0.00471881   -8.68809e-9   3.06932e-15  -7.66921e-16    1.40646e-9     0.0156347   -1.90632e-8    7.3116e-17   6.04785e-16  -1.09488e-16    2.28653e-9    0.00133542    -3.8852e-9   -0.00328896    1.23265e-7    1.19789e-7    1.84113e-7    0.00918416    5.93322e-9    2.99348e-9     0.0285681   -2.82641e-9   3.63289e-10   -0.00432639   -1.11753e-9  -3.54432e-11   -0.00301394    1.57288e-9    1.23265e-7    1.19789e-7    1.84113e-7    0.00918416   -5.93322e-9    2.99348e-9     0.0285681    2.82641e-9    3.6329e-10    0.00432639    1.11753e-9  -3.54431e-11   -0.00301394    1.57288e-9 │
│  10   3.84939e-14   2.91985e-14    7.3866e-15   3.95144e-14   2.90901e-14  -2.99365e-15      0.479961   6.94604e-14  -2.18537e-15      0.431007   9.98126e-14  -6.64325e-15      0.298617   1.07829e-13   -2.43639e-9    0.00846255   3.33848e-16  -6.74561e-17  -5.02771e-16    1.06558e-9     0.0139698   1.36001e-15  -1.08643e-16  -7.61729e-15   -0.00180057   -2.25232e-9  -0.000114518   -1.0437e-15  -3.21322e-17  -1.03201e-15  -1.04598e-16       0.39018      0.142735     0.0376106   9.82423e-10    -0.0073653   -0.00932491    1.54944e-8     -0.010539    -0.0141378  -3.14675e-10    0.00415859    0.00151968   -1.04843e-9   -0.00208498      -0.39018     -0.142735    -0.0376106  -9.82423e-10    -0.0073653    0.00932491   -1.54944e-8     -0.010539     0.0141378  -3.14675e-10    0.00415859   -0.00151968    1.04843e-9    0.00208498 │
