┌                                                                                                   ┐
│ Row             1             2             3             4            5            6           7 │
│   1        1.0533     -0.224063   1.16264e-16  -5.70737e-16    0.0542877   -0.0135604  -0.0135604 │
│   2     -0.224063      0.987974  -5.85819e-16   3.44562e-17    -0.307655   -0.0192605  -0.0192605 │
│   3   1.16264e-16  -5.85819e-16           1.0  -1.99597e-16  -1.9583e-16  3.47887e-16  7.9804e-16 │
│   4  -5.70737e-16   3.44562e-17  -1.99597e-16      0.368795  9.08187e-16     0.270833   -0.270833 │
│   5     0.0542877     -0.307655   -1.9583e-16   9.08187e-16     0.613082     0.237929    0.237929 │
│   6    -0.0135604    -0.0192605   3.47887e-16      0.270833     0.237929      0.30338  -0.0944056 │
│   7    -0.0135604    -0.0192605    7.9804e-16     -0.270833     0.237929   -0.0944056     0.30338 │
└                                                                                                   ┘
