┌                                                                                                     ┐
│ Row             1             2             3             4             5            6            7 │
│   1        1.0533     -0.224063   2.03715e-16  -5.66646e-16     0.0542877   -0.0135604   -0.0135604 │
│   2     -0.224063      0.987974  -1.29667e-15   8.72057e-16     -0.307655   -0.0192605   -0.0192605 │
│   3   2.03715e-16  -1.29667e-15           1.0  -2.16512e-16   1.69485e-15  6.90487e-16  6.74809e-16 │
│   4  -5.66646e-16   8.72057e-16  -2.16512e-16      0.368795  -8.36349e-16     0.270833    -0.270833 │
│   5     0.0542877     -0.307655   1.69485e-15  -8.36349e-16      0.613082     0.237929     0.237929 │
│   6    -0.0135604    -0.0192605   6.90487e-16      0.270833      0.237929      0.30338   -0.0944056 │
│   7    -0.0135604    -0.0192605   6.74809e-16     -0.270833      0.237929   -0.0944056      0.30338 │
└                                                                                                     ┘
┌                                                                                                     ┐
│ Row             1             2             3             4             5            6            7 │
│   1        1.0533     -0.224063   2.03715e-16  -5.66646e-16     0.0542877   -0.0135604   -0.0135604 │
│   2     -0.224063      0.987974  -1.29667e-15   8.72057e-16     -0.307655   -0.0192605   -0.0192605 │
│   3   2.03715e-16  -1.29667e-15           1.0  -2.16512e-16   1.69485e-15  6.90487e-16  6.74809e-16 │
│   4  -5.66646e-16   8.72057e-16  -2.16512e-16      0.368795  -8.36349e-16     0.270833    -0.270833 │
│   5     0.0542877     -0.307655   1.69485e-15  -8.36349e-16      0.613082     0.237929     0.237929 │
│   6    -0.0135604    -0.0192605   6.90487e-16      0.270833      0.237929      0.30338   -0.0944056 │
│   7    -0.0135604    -0.0192605   6.74809e-16     -0.270833      0.237929   -0.0944056      0.30338 │
└                                                                                                     ┘
┌                                                                                                    ┐
│ Row             1             2             3             4             5           6            7 │
│   1       1.04412     -0.177715   3.89688e-15  -1.85038e-16    -0.0428892  -0.0346949   -0.0346949 │
│   2     -0.177715      0.744084  -1.93084e-14  -1.36333e-15      0.169402    0.107556     0.107556 │
│   3   3.89688e-15  -1.93084e-14           1.0   1.12629e-15   3.17129e-14  9.1179e-15  7.40516e-15 │
│   4  -1.85038e-16  -1.36333e-15   1.12629e-15      0.496741  -4.32027e-16    0.252646    -0.252646 │
│   5    -0.0428892      0.169402   3.17129e-14  -4.32027e-16     0.0385728   0.0245087    0.0245087 │
│   6    -0.0346949      0.107556    9.1179e-15      0.252646     0.0245087    0.144126     -0.11287 │
│   7    -0.0346949      0.107556   7.40516e-15     -0.252646     0.0245087    -0.11287     0.144126 │
└                                                                                                    ┘
┌                                                                                                     ┐
│ Row             1             2             3             4             5            6            7 │
│   1        1.0533     -0.224063   2.03715e-16  -5.66646e-16     0.0542877   -0.0135604   -0.0135604 │
│   2     -0.224063      0.987974  -1.29667e-15   8.72057e-16     -0.307655   -0.0192605   -0.0192605 │
│   3   2.03715e-16  -1.29667e-15           1.0  -2.16512e-16   1.69485e-15  6.90487e-16  6.74809e-16 │
│   4  -5.66646e-16   8.72057e-16  -2.16512e-16      0.368795  -8.36349e-16     0.270833    -0.270833 │
│   5     0.0542877     -0.307655   1.69485e-15  -8.36349e-16      0.613082     0.237929     0.237929 │
│   6    -0.0135604    -0.0192605   6.90487e-16      0.270833      0.237929      0.30338   -0.0944056 │
│   7    -0.0135604    -0.0192605   6.74809e-16     -0.270833      0.237929   -0.0944056      0.30338 │
└                                                                                                     ┘
┌                                                                                                     ┐
│ Row             1             2             3             4             5            6            7 │
│   1        1.0533     -0.224063   2.03715e-16  -5.66646e-16     0.0542877   -0.0135604   -0.0135604 │
│   2     -0.224063      0.987974  -1.29667e-15   8.72057e-16     -0.307655   -0.0192605   -0.0192605 │
│   3   2.03715e-16  -1.29667e-15           1.0  -2.16512e-16   1.69485e-15  6.90487e-16  6.74809e-16 │
│   4  -5.66646e-16   8.72057e-16  -2.16512e-16      0.368795  -8.36349e-16     0.270833    -0.270833 │
│   5     0.0542877     -0.307655   1.69485e-15  -8.36349e-16      0.613082     0.237929     0.237929 │
│   6    -0.0135604    -0.0192605   6.90487e-16      0.270833      0.237929      0.30338   -0.0944056 │
│   7    -0.0135604    -0.0192605   6.74809e-16     -0.270833      0.237929   -0.0944056      0.30338 │
└                                                                                                     ┘
