┌                                                                                                     ┐
│ Row             1             2             3             4             5            6            7 │
│   1        1.0533     -0.224063   2.03715e-16  -5.66646e-16     0.0542877   -0.0135604   -0.0135604 │
│   2     -0.224063      0.987974  -1.29667e-15   8.72057e-16     -0.307655   -0.0192605   -0.0192605 │
│   3   2.03715e-16  -1.29667e-15           1.0  -2.16512e-16   1.69485e-15  6.90487e-16  6.74809e-16 │
│   4  -5.66646e-16   8.72057e-16  -2.16512e-16      0.368795  -8.36349e-16     0.270833    -0.270833 │
│   5     0.0542877     -0.307655   1.69485e-15  -8.36349e-16      0.613082     0.237929     0.237929 │
│   6    -0.0135604    -0.0192605   6.90487e-16      0.270833      0.237929      0.30338   -0.0944056 │
│   7    -0.0135604    -0.0192605   6.74809e-16     -0.270833      0.237929   -0.0944056      0.30338 │
└                                                                                                     ┘
┌                                                                                                     ┐
│ Row             1             2             3             4             5            6            7 │
│   1        1.0533     -0.224063   2.03715e-16  -5.66646e-16     0.0542877   -0.0135604   -0.0135604 │
│   2     -0.224063      0.987974  -1.29667e-15   8.72057e-16     -0.307655   -0.0192605   -0.0192605 │
│   3   2.03715e-16  -1.29667e-15           1.0  -2.16512e-16   1.69485e-15  6.90487e-16  6.74809e-16 │
│   4  -5.66646e-16   8.72057e-16  -2.16512e-16      0.368795  -8.36349e-16     0.270833    -0.270833 │
│   5     0.0542877     -0.307655   1.69485e-15  -8.36349e-16      0.613082     0.237929     0.237929 │
│   6    -0.0135604    -0.0192605   6.90487e-16      0.270833      0.237929      0.30338   -0.0944056 │
│   7    -0.0135604    -0.0192605   6.74809e-16     -0.270833      0.237929   -0.0944056      0.30338 │
└                                                                                                     ┘
┌                                                                                                    ┐
│ Row             1             2             3             4             5           6            7 │
│   1       1.04412     -0.177715   3.89688e-15  -1.85038e-16    -0.0428892  -0.0346949   -0.0346949 │
│   2     -0.177715      0.744084  -1.93084e-14  -1.36333e-15      0.169402    0.107556     0.107556 │
│   3   3.89688e-15  -1.93084e-14           1.0   1.12629e-15   3.17129e-14  9.1179e-15  7.40516e-15 │
│   4  -1.85038e-16  -1.36333e-15   1.12629e-15      0.496741  -4.32027e-16    0.252646    -0.252646 │
│   5    -0.0428892      0.169402   3.17129e-14  -4.32027e-16     0.0385728   0.0245087    0.0245087 │
│   6    -0.0346949      0.107556    9.1179e-15      0.252646     0.0245087    0.144126     -0.11287 │
│   7    -0.0346949      0.107556   7.40516e-15     -0.252646     0.0245087    -0.11287     0.144126 │
└                                                                                                    ┘
┌                                                                                                     ┐
│ Row             1             2             3             4             5            6            7 │
│   1        1.0533     -0.224063   2.03715e-16  -5.66646e-16     0.0542877   -0.0135604   -0.0135604 │
│   2     -0.224063      0.987974  -1.29667e-15   8.72057e-16     -0.307655   -0.0192605   -0.0192605 │
│   3   2.03715e-16  -1.29667e-15           1.0  -2.16512e-16   1.69485e-15  6.90487e-16  6.74809e-16 │
│   4  -5.66646e-16   8.72057e-16  -2.16512e-16      0.368795  -8.36349e-16     0.270833    -0.270833 │
│   5     0.0542877     -0.307655   1.69485e-15  -8.36349e-16      0.613082     0.237929     0.237929 │
│   6    -0.0135604    -0.0192605   6.90487e-16      0.270833      0.237929      0.30338   -0.0944056 │
│   7    -0.0135604    -0.0192605   6.74809e-16     -0.270833      0.237929   -0.0944056      0.30338 │
└                                                                                                     ┘
┌                                                                                                     ┐
│ Row             1             2             3             4             5            6            7 │
│   1        1.0533     -0.224063   2.03715e-16  -5.66646e-16     0.0542877   -0.0135604   -0.0135604 │
│   2     -0.224063      0.987974  -1.29667e-15   8.72057e-16     -0.307655   -0.0192605   -0.0192605 │
│   3   2.03715e-16  -1.29667e-15           1.0  -2.16512e-16   1.69485e-15  6.90487e-16  6.74809e-16 │
│   4  -5.66646e-16   8.72057e-16  -2.16512e-16      0.368795  -8.36349e-16     0.270833    -0.270833 │
│   5     0.0542877     -0.307655   1.69485e-15  -8.36349e-16      0.613082     0.237929     0.237929 │
│   6    -0.0135604    -0.0192605   6.90487e-16      0.270833      0.237929      0.30338   -0.0944056 │
│   7    -0.0135604    -0.0192605   6.74809e-16     -0.270833      0.237929   -0.0944056      0.30338 │
└                                                                                                     ┘
┌                                                                                                     ┐
│ Row             1            2             3             4             5            6             7 │
│   1        1.0533    -0.224063  -1.09392e-16  -5.40737e-16     0.0542877   -0.0135604    -0.0135604 │
│   2     -0.224063     0.987974   5.97025e-16   1.23205e-16     -0.307655   -0.0192605    -0.0192605 │
│   3  -1.09392e-16  5.97025e-16           1.0  -4.78538e-17  -1.93267e-15  1.12366e-16  -2.38505e-16 │
│   4  -5.40737e-16  1.23205e-16  -4.78538e-17      0.368795  -9.40022e-16     0.270833     -0.270833 │
│   5     0.0542877    -0.307655  -1.93267e-15  -9.40022e-16      0.613082     0.237929      0.237929 │
│   6    -0.0135604   -0.0192605   1.12366e-16      0.270833      0.237929      0.30338    -0.0944056 │
│   7    -0.0135604   -0.0192605  -2.38505e-16     -0.270833      0.237929   -0.0944056       0.30338 │
└                                                                                                     ┘
┌                                                                                                     ┐
│ Row             1            2             3             4             5            6             7 │
│   1        1.0533    -0.224063  -1.09392e-16  -5.40737e-16     0.0542877   -0.0135604    -0.0135604 │
│   2     -0.224063     0.987974   5.97025e-16   1.23205e-16     -0.307655   -0.0192605    -0.0192605 │
│   3  -1.09392e-16  5.97025e-16           1.0  -4.78538e-17  -1.93267e-15  1.12366e-16  -2.38505e-16 │
│   4  -5.40737e-16  1.23205e-16  -4.78538e-17      0.368795  -9.40022e-16     0.270833     -0.270833 │
│   5     0.0542877    -0.307655  -1.93267e-15  -9.40022e-16      0.613082     0.237929      0.237929 │
│   6    -0.0135604   -0.0192605   1.12366e-16      0.270833      0.237929      0.30338    -0.0944056 │
│   7    -0.0135604   -0.0192605  -2.38505e-16     -0.270833      0.237929   -0.0944056       0.30338 │
└                                                                                                     ┘
┌                                                                                                     ┐
│ Row             1            2             3             4             5            6             7 │
│   1        1.0533    -0.224063  -1.09392e-16  -5.40737e-16     0.0542877   -0.0135604    -0.0135604 │
│   2     -0.224063     0.987974   5.97025e-16   1.23205e-16     -0.307655   -0.0192605    -0.0192605 │
│   3  -1.09392e-16  5.97025e-16           1.0  -4.78538e-17  -1.93267e-15  1.12366e-16  -2.38505e-16 │
│   4  -5.40737e-16  1.23205e-16  -4.78538e-17      0.368795  -9.40022e-16     0.270833     -0.270833 │
│   5     0.0542877    -0.307655  -1.93267e-15  -9.40022e-16      0.613082     0.237929      0.237929 │
│   6    -0.0135604   -0.0192605   1.12366e-16      0.270833      0.237929      0.30338    -0.0944056 │
│   7    -0.0135604   -0.0192605  -2.38505e-16     -0.270833      0.237929   -0.0944056       0.30338 │
└                                                                                                     ┘
┌                                                                                                     ┐
│ Row             1            2             3             4             5            6             7 │
│   1        1.0533    -0.224063  -1.09392e-16  -5.40737e-16     0.0542877   -0.0135604    -0.0135604 │
│   2     -0.224063     0.987974   5.97025e-16   1.23205e-16     -0.307655   -0.0192605    -0.0192605 │
│   3  -1.09392e-16  5.97025e-16           1.0  -4.78538e-17  -1.93267e-15  1.12366e-16  -2.38505e-16 │
│   4  -5.40737e-16  1.23205e-16  -4.78538e-17      0.368795  -9.40022e-16     0.270833     -0.270833 │
│   5     0.0542877    -0.307655  -1.93267e-15  -9.40022e-16      0.613082     0.237929      0.237929 │
│   6    -0.0135604   -0.0192605   1.12366e-16      0.270833      0.237929      0.30338    -0.0944056 │
│   7    -0.0135604   -0.0192605  -2.38505e-16     -0.270833      0.237929   -0.0944056       0.30338 │
└                                                                                                     ┘
┌                                                                                                     ┐
│ Row             1            2             3             4             5            6             7 │
│   1        1.0533    -0.224063  -1.09392e-16  -5.40737e-16     0.0542877   -0.0135604    -0.0135604 │
│   2     -0.224063     0.987974   5.97025e-16   1.23205e-16     -0.307655   -0.0192605    -0.0192605 │
│   3  -1.09392e-16  5.97025e-16           1.0  -4.78538e-17  -1.93267e-15  1.12366e-16  -2.38505e-16 │
│   4  -5.40737e-16  1.23205e-16  -4.78538e-17      0.368795  -9.40022e-16     0.270833     -0.270833 │
│   5     0.0542877    -0.307655  -1.93267e-15  -9.40022e-16      0.613082     0.237929      0.237929 │
│   6    -0.0135604   -0.0192605   1.12366e-16      0.270833      0.237929      0.30338    -0.0944056 │
│   7    -0.0135604   -0.0192605  -2.38505e-16     -0.270833      0.237929   -0.0944056       0.30338 │
└                                                                                                     ┘
┌                                                                                                     ┐
│ Row             1            2             3             4             5            6             7 │
│   1        1.0533    -0.224063  -1.09392e-16  -5.40737e-16     0.0542877   -0.0135604    -0.0135604 │
│   2     -0.224063     0.987974   5.97025e-16   1.23205e-16     -0.307655   -0.0192605    -0.0192605 │
│   3  -1.09392e-16  5.97025e-16           1.0  -4.78538e-17  -1.93267e-15  1.12366e-16  -2.38505e-16 │
│   4  -5.40737e-16  1.23205e-16  -4.78538e-17      0.368795  -9.40022e-16     0.270833     -0.270833 │
│   5     0.0542877    -0.307655  -1.93267e-15  -9.40022e-16      0.613082     0.237929      0.237929 │
│   6    -0.0135604   -0.0192605   1.12366e-16      0.270833      0.237929      0.30338    -0.0944056 │
│   7    -0.0135604   -0.0192605  -2.38505e-16     -0.270833      0.237929   -0.0944056       0.30338 │
└                                                                                                     ┘
┌                                                                                                     ┐
│ Row             1            2             3             4             5            6             7 │
│   1        1.0533    -0.224063  -1.09392e-16  -5.40737e-16     0.0542877   -0.0135604    -0.0135604 │
│   2     -0.224063     0.987974   5.97025e-16   1.23205e-16     -0.307655   -0.0192605    -0.0192605 │
│   3  -1.09392e-16  5.97025e-16           1.0  -4.78538e-17  -1.93267e-15  1.12366e-16  -2.38505e-16 │
│   4  -5.40737e-16  1.23205e-16  -4.78538e-17      0.368795  -9.40022e-16     0.270833     -0.270833 │
│   5     0.0542877    -0.307655  -1.93267e-15  -9.40022e-16      0.613082     0.237929      0.237929 │
│   6    -0.0135604   -0.0192605   1.12366e-16      0.270833      0.237929      0.30338    -0.0944056 │
│   7    -0.0135604   -0.0192605  -2.38505e-16     -0.270833      0.237929   -0.0944056       0.30338 │
└                                                                                                     ┘
┌                                                                                                     ┐
│ Row             1            2             3             4             5            6             7 │
│   1        1.0533    -0.224063  -1.09392e-16  -5.40737e-16     0.0542877   -0.0135604    -0.0135604 │
│   2     -0.224063     0.987974   5.97025e-16   1.23205e-16     -0.307655   -0.0192605    -0.0192605 │
│   3  -1.09392e-16  5.97025e-16           1.0  -4.78538e-17  -1.93267e-15  1.12366e-16  -2.38505e-16 │
│   4  -5.40737e-16  1.23205e-16  -4.78538e-17      0.368795  -9.40022e-16     0.270833     -0.270833 │
│   5     0.0542877    -0.307655  -1.93267e-15  -9.40022e-16      0.613082     0.237929      0.237929 │
│   6    -0.0135604   -0.0192605   1.12366e-16      0.270833      0.237929      0.30338    -0.0944056 │
│   7    -0.0135604   -0.0192605  -2.38505e-16     -0.270833      0.237929   -0.0944056       0.30338 │
└                                                                                                     ┘
┌                                                                                                     ┐
│ Row             1            2             3             4             5            6             7 │
│   1        1.0533    -0.224063  -1.09392e-16  -5.40737e-16     0.0542877   -0.0135604    -0.0135604 │
│   2     -0.224063     0.987974   5.97025e-16   1.23205e-16     -0.307655   -0.0192605    -0.0192605 │
│   3  -1.09392e-16  5.97025e-16           1.0  -4.78538e-17  -1.93267e-15  1.12366e-16  -2.38505e-16 │
│   4  -5.40737e-16  1.23205e-16  -4.78538e-17      0.368795  -9.40022e-16     0.270833     -0.270833 │
│   5     0.0542877    -0.307655  -1.93267e-15  -9.40022e-16      0.613082     0.237929      0.237929 │
│   6    -0.0135604   -0.0192605   1.12366e-16      0.270833      0.237929      0.30338    -0.0944056 │
│   7    -0.0135604   -0.0192605  -2.38505e-16     -0.270833      0.237929   -0.0944056       0.30338 │
└                                                                                                     ┘
┌                                                                                                     ┐
│ Row             1            2             3             4             5            6             7 │
│   1        1.0533    -0.224063  -1.09392e-16  -5.40737e-16     0.0542877   -0.0135604    -0.0135604 │
│   2     -0.224063     0.987974   5.97025e-16   1.23205e-16     -0.307655   -0.0192605    -0.0192605 │
│   3  -1.09392e-16  5.97025e-16           1.0  -4.78538e-17  -1.93267e-15  1.12366e-16  -2.38505e-16 │
│   4  -5.40737e-16  1.23205e-16  -4.78538e-17      0.368795  -9.40022e-16     0.270833     -0.270833 │
│   5     0.0542877    -0.307655  -1.93267e-15  -9.40022e-16      0.613082     0.237929      0.237929 │
│   6    -0.0135604   -0.0192605   1.12366e-16      0.270833      0.237929      0.30338    -0.0944056 │
│   7    -0.0135604   -0.0192605  -2.38505e-16     -0.270833      0.237929   -0.0944056       0.30338 │
└                                                                                                     ┘
┌                                                                                                     ┐
│ Row             1            2             3             4             5            6             7 │
│   1        1.0533    -0.224063  -1.09392e-16  -5.40737e-16     0.0542877   -0.0135604    -0.0135604 │
│   2     -0.224063     0.987974   5.97025e-16   1.23205e-16     -0.307655   -0.0192605    -0.0192605 │
│   3  -1.09392e-16  5.97025e-16           1.0  -4.78538e-17  -1.93267e-15  1.12366e-16  -2.38505e-16 │
│   4  -5.40737e-16  1.23205e-16  -4.78538e-17      0.368795  -9.40022e-16     0.270833     -0.270833 │
│   5     0.0542877    -0.307655  -1.93267e-15  -9.40022e-16      0.613082     0.237929      0.237929 │
│   6    -0.0135604   -0.0192605   1.12366e-16      0.270833      0.237929      0.30338    -0.0944056 │
│   7    -0.0135604   -0.0192605  -2.38505e-16     -0.270833      0.237929   -0.0944056       0.30338 │
└                                                                                                     ┘
┌                                                                                                     ┐
│ Row             1            2             3             4             5            6             7 │
│   1        1.0533    -0.224063  -1.09392e-16  -5.40737e-16     0.0542877   -0.0135604    -0.0135604 │
│   2     -0.224063     0.987974   5.97025e-16   1.23205e-16     -0.307655   -0.0192605    -0.0192605 │
│   3  -1.09392e-16  5.97025e-16           1.0  -4.78538e-17  -1.93267e-15  1.12366e-16  -2.38505e-16 │
│   4  -5.40737e-16  1.23205e-16  -4.78538e-17      0.368795  -9.40022e-16     0.270833     -0.270833 │
│   5     0.0542877    -0.307655  -1.93267e-15  -9.40022e-16      0.613082     0.237929      0.237929 │
│   6    -0.0135604   -0.0192605   1.12366e-16      0.270833      0.237929      0.30338    -0.0944056 │
│   7    -0.0135604   -0.0192605  -2.38505e-16     -0.270833      0.237929   -0.0944056       0.30338 │
└                                                                                                     ┘
┌                                                                                                     ┐
│ Row             1            2             3             4             5            6             7 │
│   1        1.0533    -0.224063  -1.09392e-16  -5.40737e-16     0.0542877   -0.0135604    -0.0135604 │
│   2     -0.224063     0.987974   5.97025e-16   1.23205e-16     -0.307655   -0.0192605    -0.0192605 │
│   3  -1.09392e-16  5.97025e-16           1.0  -4.78538e-17  -1.93267e-15  1.12366e-16  -2.38505e-16 │
│   4  -5.40737e-16  1.23205e-16  -4.78538e-17      0.368795  -9.40022e-16     0.270833     -0.270833 │
│   5     0.0542877    -0.307655  -1.93267e-15  -9.40022e-16      0.613082     0.237929      0.237929 │
│   6    -0.0135604   -0.0192605   1.12366e-16      0.270833      0.237929      0.30338    -0.0944056 │
│   7    -0.0135604   -0.0192605  -2.38505e-16     -0.270833      0.237929   -0.0944056       0.30338 │
└                                                                                                     ┘
┌                                                                                                     ┐
│ Row             1            2             3             4             5            6             7 │
│   1        1.0533    -0.224063  -1.09392e-16  -5.40737e-16     0.0542877   -0.0135604    -0.0135604 │
│   2     -0.224063     0.987974   5.97025e-16   1.23205e-16     -0.307655   -0.0192605    -0.0192605 │
│   3  -1.09392e-16  5.97025e-16           1.0  -4.78538e-17  -1.93267e-15  1.12366e-16  -2.38505e-16 │
│   4  -5.40737e-16  1.23205e-16  -4.78538e-17      0.368795  -9.40022e-16     0.270833     -0.270833 │
│   5     0.0542877    -0.307655  -1.93267e-15  -9.40022e-16      0.613082     0.237929      0.237929 │
│   6    -0.0135604   -0.0192605   1.12366e-16      0.270833      0.237929      0.30338    -0.0944056 │
│   7    -0.0135604   -0.0192605  -2.38505e-16     -0.270833      0.237929   -0.0944056       0.30338 │
└                                                                                                     ┘
┌                                                                                                                                                                                                                                                                                                                                                    ┐
│ Row             1             2             3             4             5             6             7             8             9            10            11            12            13            14            15            16            17            18            19            20           21            22            23            24 │
│   1       1.08626      0.141354      0.124957  -1.84478e-17   4.33176e-14    -0.0463149  -1.04752e-16  -1.27228e-14    -0.0358867  -5.95235e-16   3.95038e-15   -0.00136761  -7.96124e-17   0.000135333     0.0606237   -0.00526542   7.45285e-17   -0.00785243   -0.00697202     0.0606237  -0.00526542  -1.39881e-16    0.00785243   -0.00697202 │
│   2      0.141354      0.345521       0.22756   4.42651e-16   4.56618e-14    -0.0905254   1.36206e-16  -1.11898e-14    -0.0742951  -5.95948e-17   2.96502e-15   -0.00262624  -5.66893e-17   -0.00134389      0.109988   -0.00734661   7.85386e-17    -0.0113682    -0.0107555      0.109988  -0.00734661   9.61684e-17     0.0113682    -0.0107555 │
│   3      0.124957       0.22756      0.195719  -2.01834e-15   2.10599e-14     -0.225486  -1.26096e-15  -5.50246e-16     -0.120425  -1.12116e-16   1.47461e-15   -0.00543162  -9.85883e-17   0.000161687     -0.019954    -0.0162093  -1.83204e-18   0.000812101   -0.00724105     -0.019954   -0.0162093  -5.38038e-17  -0.000812101   -0.00724105 │
│   4  -1.84478e-17   4.42651e-16  -2.01834e-15      0.834323   6.39242e-16   1.33636e-15      0.454246  -3.38213e-16   2.88516e-16  -1.19201e-15   1.80198e-16   2.08186e-16     0.0167901  -9.01232e-17   1.33249e-15   2.94874e-16     0.0262654   9.26874e-17   1.82525e-16   6.06531e-16  7.43189e-16     0.0262654   2.22154e-16   4.26487e-16 │
│   5   4.33176e-14   4.56618e-14   2.10599e-14   6.39242e-16      0.501493   1.16329e-13   3.18375e-16      0.162789   6.94707e-15   3.42696e-17     0.0184155   2.30264e-15  -7.67837e-17  -2.62175e-15      0.391512     0.0611919   6.48097e-17    -0.0151899    -0.0216037     -0.391512   -0.0611919  -1.40979e-17    -0.0151899     0.0216037 │
│   6    -0.0463149    -0.0905254     -0.225486   1.33636e-15   1.16329e-13      0.634952   1.09305e-15   6.90714e-15      0.282771   2.24438e-16    4.6705e-15     0.0143212   9.30696e-17   -0.00343938      0.313849     0.0436566  -4.04472e-17    -0.0279912    0.00312828      0.313849    0.0436566   1.66275e-16     0.0279912    0.00312828 │
│   7  -1.04752e-16   1.36206e-16  -1.26096e-15      0.454246   3.18375e-16   1.09305e-15      0.247314  -1.93767e-16   3.25293e-16   -6.4899e-16   9.70192e-17   1.21686e-16    0.00914135  -5.07851e-17   8.57508e-16   1.82305e-16     0.0143002   3.78502e-17   1.04203e-16   5.08571e-16  4.33627e-16     0.0143002   1.35361e-16   2.34473e-16 │
│   8  -1.27228e-14  -1.11898e-14  -5.50246e-16  -3.38213e-16      0.162789   6.90714e-15  -1.93767e-16     0.0528428  -8.35454e-15   1.11242e-17    0.00597783   1.06385e-16  -3.59068e-17   -5.2641e-16      0.127088     0.0198634   3.85805e-18   -0.00493078   -0.00701276     -0.127088   -0.0198634   -2.1756e-17   -0.00493078    0.00701276 │
│   9    -0.0358867    -0.0742951     -0.120425   2.88516e-16   6.94707e-15      0.282771   3.25293e-16  -8.35454e-15      0.129404   1.03596e-16   2.92588e-16    0.00643766   4.10901e-17   -0.00134523      0.123933     0.0195592   -3.3133e-17    -0.0108913    0.00245011      0.123933    0.0195592   5.44346e-17     0.0108913    0.00245011 │
│  10  -5.95235e-16  -5.95948e-17  -1.12116e-16  -1.19201e-15   3.42696e-17   2.24438e-16   -6.4899e-16   1.11242e-17   1.03596e-16   2.10041e-30   1.25843e-18   5.15822e-18  -2.39883e-17  -1.40999e-18   1.13353e-16   2.06039e-17  -3.75259e-17  -7.63069e-18    1.9021e-18   5.98454e-17  1.22408e-17  -3.75259e-17   5.55468e-18   4.85468e-18 │
│  11   3.95038e-15   2.96502e-15   1.47461e-15   1.80198e-16     0.0184155    4.6705e-15   9.70192e-17    0.00597783   2.92588e-16   1.25843e-18   0.000676241   9.10313e-17   3.34347e-19  -1.04726e-16     0.0143768    0.00224705   7.31374e-18  -0.000557794  -0.000793317    -0.0143768  -0.00224705   4.41615e-18  -0.000557794   0.000793317 │
│  12   -0.00136761   -0.00262624   -0.00543162   2.08186e-16   2.30264e-15     0.0143212   1.21686e-16   1.06385e-16    0.00643766   5.15822e-18   9.10313e-17   0.000324044    5.7852e-18   -7.44038e-5    0.00680515   0.000986772   4.59594e-18  -0.000604038    8.88882e-5    0.00680515  0.000986772   9.19404e-18   0.000604038    8.88882e-5 │
│  13  -7.96124e-17  -5.66893e-17  -9.85883e-17     0.0167901  -7.67837e-17   9.30696e-17    0.00914135  -3.59068e-17   4.10901e-17  -2.39883e-17   3.34347e-19    5.7852e-18   0.000337888  -1.89394e-18  -3.76354e-17  -1.83431e-19   0.000528571   4.44117e-18   9.73087e-18   8.77302e-17  3.07161e-17   0.000528571   7.32552e-18   6.91658e-18 │
│  14   0.000135333   -0.00134389   0.000161687  -9.01232e-17  -2.62175e-15   -0.00343938  -5.07851e-17   -5.2641e-16   -0.00134523  -1.40999e-18  -1.04726e-16   -7.44038e-5  -1.89394e-18    2.91284e-5   -0.00254063   -0.00023128  -2.65249e-18   0.000234079    3.83409e-5   -0.00254063  -0.00023128   -4.1653e-18  -0.000234079    3.83409e-5 │
│  15     0.0606237      0.109988     -0.019954   1.33249e-15      0.391512      0.313849   8.57508e-16      0.127088      0.123933   1.13353e-16     0.0143768    0.00680515  -3.76354e-17   -0.00254063      0.533187     0.0687958   6.15935e-17    -0.0329138    -0.0201676    -0.0781132   -0.0267482   1.19659e-16    0.00919651     0.0135641 │
│  16   -0.00526542   -0.00734661    -0.0162093   2.94874e-16     0.0611919     0.0436566   1.82305e-16     0.0198634     0.0195592   2.06039e-17    0.00224705   0.000986772  -1.83431e-19   -0.00023128     0.0687958     0.0104746   8.80821e-18   -0.00372038   -0.00238213    -0.0267482  -0.00445859   1.35798e-17    1.34535e-5    0.00289001 │
│  17   7.45285e-17   7.85386e-17  -1.83204e-18     0.0262654   6.48097e-17  -4.04472e-17     0.0143002   3.85805e-18   -3.3133e-17  -3.75259e-17   7.31374e-18   4.59594e-18   0.000528571  -2.65249e-18   6.15935e-17   8.80821e-18   0.000826864   2.59191e-18   1.65773e-18  -3.10319e-17  1.20166e-17   0.000826864   4.61265e-18   1.31879e-17 │
│  18   -0.00785243    -0.0113682   0.000812101   9.26874e-17    -0.0151899    -0.0279912   3.78502e-17   -0.00493078    -0.0108913  -7.63069e-18  -0.000557794  -0.000604038   4.44117e-18   0.000234079    -0.0329138   -0.00372038   2.59191e-18    0.00241639    0.00100168   -0.00919651  -1.34535e-5  -5.52625e-18    -0.0014962  -0.000307049 │
│  19   -0.00697202    -0.0107555   -0.00724105   1.82525e-16    -0.0216037    0.00312828   1.04203e-16   -0.00701276    0.00245011    1.9021e-18  -0.000793317    8.88882e-5   9.73087e-18    3.83409e-5    -0.0201676   -0.00238213   1.65773e-18    0.00100168    0.00127203     0.0135641   0.00289001   5.16078e-18   0.000307049  -0.000589295 │
│  20     0.0606237      0.109988     -0.019954   6.06531e-16     -0.391512      0.313849   5.08571e-16     -0.127088      0.123933   5.98454e-17    -0.0143768    0.00680515   8.77302e-17   -0.00254063    -0.0781132    -0.0267482  -3.10319e-17   -0.00919651     0.0135641      0.533187    0.0687958   1.50239e-16     0.0329138    -0.0201676 │
│  21   -0.00526542   -0.00734661    -0.0162093   7.43189e-16    -0.0611919     0.0436566   4.33627e-16    -0.0198634     0.0195592   1.22408e-17   -0.00224705   0.000986772   3.07161e-17   -0.00023128    -0.0267482   -0.00445859   1.20166e-17   -1.34535e-5    0.00289001     0.0687958    0.0104746   3.60447e-17    0.00372038   -0.00238213 │
│  22  -1.39881e-16   9.61684e-17  -5.38038e-17     0.0262654  -1.40979e-17   1.66275e-16     0.0143002   -2.1756e-17   5.44346e-17  -3.75259e-17   4.41615e-18   9.19404e-18   0.000528571   -4.1653e-18   1.19659e-16   1.35798e-17   0.000826864  -5.52625e-18   5.16078e-18   1.50239e-16  3.60447e-17   0.000826864   1.75109e-17   9.89252e-18 │
│  23    0.00785243     0.0113682  -0.000812101   2.22154e-16    -0.0151899     0.0279912   1.35361e-16   -0.00493078     0.0108913   5.55468e-18  -0.000557794   0.000604038   7.32552e-18  -0.000234079    0.00919651    1.34535e-5   4.61265e-18    -0.0014962   0.000307049     0.0329138   0.00372038   1.75109e-17    0.00241639   -0.00100168 │
│  24   -0.00697202    -0.0107555   -0.00724105   4.26487e-16     0.0216037    0.00312828   2.34473e-16    0.00701276    0.00245011   4.85468e-18   0.000793317    8.88882e-5   6.91658e-18    3.83409e-5     0.0135641    0.00289001   1.31879e-17  -0.000307049  -0.000589295    -0.0201676  -0.00238213   9.89252e-18   -0.00100168    0.00127203 │
└                                                                                                                                                                                                                                                                                                                                                    ┘
┌                                                                                                                                                                                                                                                                                                                                                                                                                                                                                                                                                                                                                                                                                                                                                                                                                                                               ┐
│ Row             1             2             3             4             5             6             7             8             9            10            11            12            13            14            15            16            17            18            19            20            21            22            23            24            25            26            27            28            29            30            31            32            33            34            35            36            37            38            39            40            41            42            43            44            45            46            47            48            49            50            51            52            53            54            55            56            57            58            59 │
│   1       1.38766       1.28811     -0.069265     -0.138188    -0.0556016   -6.29178e-8  -3.79727e-15     0.0421307   -5.34784e-8   7.01016e-14     0.0300939   -3.66508e-8   8.45768e-14     0.0641641  -2.38557e-17  -2.17628e-16   0.000291329   -1.46178e-9   0.000453517   7.58967e-16   1.22153e-14   0.000278659   -4.75935e-9    0.00148334  -9.29971e-16    4.6051e-16   1.38658e-15    3.13802e-5   1.22805e-10   0.000131452  -8.72369e-11    -0.0620298    -0.0058962    0.00176445  -1.89355e-10    0.00223871    0.00241975   6.68087e-10   -6.78897e-6    0.00211667   5.47698e-11   -0.00118804  -0.000398455  -7.62512e-12   0.000408033    -0.0620298    -0.0058962    0.00176445  -1.89354e-10   -0.00223871    0.00241975   6.68088e-10    6.78897e-6    0.00211667  -5.47689e-11    0.00118804  -0.000398455  -7.62591e-12   0.000408033 │
│   2       1.28811       1.21834     -0.116937     -0.199279    -0.0840686   -9.60878e-8  -1.52765e-15     0.0615459   -8.32266e-8   8.28488e-14     0.0482451   -5.85276e-8   1.04476e-13     0.0960079  -2.20808e-17  -1.90643e-16   0.000410848   -2.86844e-9   0.000734398   6.93197e-16   1.48456e-14   0.000604412   -7.10938e-9    0.00205698  -1.16276e-15   4.17261e-16   1.60127e-15   0.000124236   1.85533e-10   0.000276049  -1.30799e-10    -0.0914616   -0.00876904    0.00292263  -2.95435e-10    0.00321326    0.00345219   8.53292e-10   0.000164859    0.00325809   8.14978e-11   -0.00153095  -0.000523625  -2.18711e-11   0.000503511    -0.0914616   -0.00876904    0.00292263  -2.95434e-10   -0.00321326    0.00345219   8.53293e-10  -0.000164859    0.00325809  -8.14969e-11    0.00153095  -0.000523625  -2.18718e-11   0.000503511 │
│   3     -0.069265     -0.116937       0.12592      0.172264     0.0790279    1.15444e-7  -1.53717e-14     -0.057944    1.05167e-7  -5.41217e-14    -0.0521566    9.25379e-8  -7.08162e-14    -0.0915233   1.01794e-18  -2.10932e-16  -0.000367139    3.71136e-9  -0.000732489  -1.14502e-17  -8.97856e-15   -0.00089343    6.97316e-9   -0.00163078   7.75922e-16   9.21103e-19  -7.91205e-16  -0.000226144  -1.49227e-10  -0.000352283   2.37983e-11     0.0797837    0.00719022   -0.00324679   5.67762e-10   -0.00268681   -0.00291073   3.70865e-10  -0.000272202   -0.00315068  -2.11352e-10    0.00104261   0.000388977  -5.45007e-11   -0.00028815     0.0797837    0.00719022   -0.00324679   5.67762e-10    0.00268681   -0.00291073   3.70865e-10   0.000272202   -0.00315068   2.11352e-10   -0.00104261   0.000388977  -5.45007e-11   -0.00028815 │
│   4     -0.138188     -0.199279      0.172264      0.238637      0.114996     1.7836e-7   4.89526e-14     -0.111247     1.6434e-7  -8.21182e-15     -0.100983    1.65214e-7  -4.97991e-14     -0.156328   1.92514e-18   9.24023e-16  -0.000730401     5.0243e-9  -0.000836202  -3.90817e-17  -9.56519e-15   -0.00186864    1.00641e-8   -0.00202972   7.45275e-16  -1.22924e-17  -1.07509e-15  -0.000335237  -3.12425e-10   -0.00037038  -4.05291e-11     0.0911792    0.00319548   -0.00591681    1.07536e-9   -0.00312869   -0.00387144    2.07955e-9   0.000724394    -0.0046387  -4.76909e-10    0.00133563   0.000637059  -1.50352e-10  -0.000207291     0.0911792    0.00319548   -0.00591681    1.07536e-9    0.00312869   -0.00387144    2.07955e-9  -0.000724394    -0.0046387   4.76909e-10   -0.00133563   0.000637059  -1.50352e-10  -0.000207291 │
│   5    -0.0556016    -0.0840686     0.0790279      0.114996      0.076452     9.2848e-8  -1.49137e-14     -0.166816    8.78583e-8  -2.00586e-14     -0.154614    1.35282e-7  -2.65621e-14      -0.18392   -4.7295e-20  -3.27564e-16   -0.00115911    1.82204e-9   0.000229765  -1.06373e-17  -2.04044e-15   -0.00324956    5.22776e-9  -0.000122088   2.17774e-16   1.72065e-18  -2.79231e-16   -0.00025996  -6.36698e-10    0.00023071  -4.38846e-11    -0.0261798     -0.023082   -0.00811637   8.99673e-10   0.000660739   -0.00127032    4.63292e-9    0.00432752   -0.00328291  -5.83007e-10   0.000204825   0.000653516  -1.20683e-10   0.000619878    -0.0261798     -0.023082   -0.00811637   8.99673e-10  -0.000660739   -0.00127032    4.63292e-9   -0.00432752   -0.00328291   5.83007e-10  -0.000204825   0.000653516  -1.20683e-10   0.000619878 │
│   6   -6.29178e-8   -9.60878e-8    1.15444e-7     1.7836e-7     9.2848e-8      0.845962  -1.01374e-15    2.70325e-7      0.834987  -7.38659e-16    2.73242e-7       1.10855   -3.1975e-15    9.19272e-8   1.54936e-18  -1.70773e-16   -1.53392e-9    0.00478083    6.90051e-9   3.70269e-16   1.23072e-16   -9.5452e-10     0.0158402    1.52803e-8   9.72742e-17   1.70009e-16  -6.34298e-17   -1.83245e-9    0.00135298    3.05979e-9   -0.00333219   -9.00385e-8    -9.5972e-8   -1.50945e-7    0.00930488   -5.20914e-9   -2.69381e-9     0.0289436    2.02866e-9  -4.46537e-10   -0.00438326     1.0198e-9   2.26794e-11   -0.00305356   -1.34668e-9   -9.00385e-8    -9.5972e-8   -1.50945e-7    0.00930488    5.20914e-9   -2.69381e-9     0.0289436   -2.02866e-9  -4.46537e-10    0.00438326    -1.0198e-9   2.26793e-11   -0.00305356   -1.34668e-9 │
│   7  -3.79727e-15  -1.52765e-15  -1.53717e-14   4.89526e-14  -1.49137e-14  -1.01374e-15      0.534475  -6.82994e-15  -2.96808e-16      0.479961   2.30822e-14  -5.24961e-15      0.332534  -2.12937e-14    2.12467e-9    0.00942372   2.09663e-16  -1.88448e-16  -3.03027e-16   -1.02866e-9     0.0155565  -3.80088e-16  -4.83118e-16  -4.60116e-15   -0.00200508    1.98008e-9  -0.000127526  -6.66985e-16  -1.19523e-16  -9.55845e-16   4.79893e-16      0.434496      0.158947     0.0418825  -8.74641e-10   -0.00820185     -0.010384   -1.38493e-8    -0.0117361    -0.0157436   2.86833e-10    0.00463093    0.00169229   9.37545e-10    -0.0023218     -0.434496     -0.158947    -0.0418825   8.74641e-10   -0.00820185      0.010384    1.38493e-8    -0.0117361     0.0157436   2.86833e-10    0.00463093   -0.00169229  -9.37546e-10     0.0023218 │
│   8     0.0421307     0.0615459     -0.057944     -0.111247     -0.166816    2.70325e-7  -6.82994e-15       0.66212    2.62312e-7   -8.0281e-14      0.618009    1.34731e-7  -8.11224e-14      0.658094   3.71941e-18   3.54935e-16    0.00469225    3.13326e-9   -0.00302536  -5.16442e-18  -1.48167e-14     0.0135246   5.93001e-10   -0.00366431   1.12338e-15  -2.26868e-17  -7.20114e-16   0.000682734    3.39037e-9   -0.00203778   -1.38725e-9      0.335606      0.131261     0.0311231    1.73724e-9    -0.0102307   -0.00140247   -7.18095e-9    -0.0217946    0.00779928   1.03512e-10    0.00173348   -0.00216774   -1.07846e-9   -0.00377926      0.335606      0.131261     0.0311231    1.73724e-9     0.0102307   -0.00140247   -7.18095e-9     0.0217946    0.00779928  -1.03512e-10   -0.00173348   -0.00216774   -1.07846e-9   -0.00377926 │
│   9   -5.34784e-8   -8.32266e-8    1.05167e-7     1.6434e-7    8.78583e-8      0.834987  -2.96808e-16    2.62312e-7      0.824154  -9.70751e-17    2.65321e-7       1.09416  -2.71814e-15    8.88435e-8   1.52926e-18  -1.56149e-16    -1.5492e-9    0.00471881    6.90758e-9   3.65466e-16    1.4196e-16   -1.05743e-9     0.0156347    1.52571e-8   9.33719e-17   1.67803e-16  -6.27747e-17   -1.80098e-9    0.00133542    3.07416e-9   -0.00328896   -9.95107e-8   -9.70499e-8    -1.4916e-7    0.00918416   -4.79726e-9   -2.41652e-9     0.0285681    2.31667e-9  -3.05631e-10   -0.00432639   9.02212e-10   2.15647e-11   -0.00301394    -1.2556e-9   -9.95107e-8   -9.70499e-8    -1.4916e-7    0.00918416    4.79726e-9   -2.41652e-9     0.0285681   -2.31667e-9  -3.05631e-10    0.00432639  -9.02212e-10   2.15646e-11   -0.00301394    -1.2556e-9 │
│  10   7.01016e-14   8.28488e-14  -5.41217e-14  -8.21182e-15  -2.00586e-14  -7.38659e-16      0.479961   -8.0281e-14  -9.70751e-17      0.431007  -4.95466e-14  -4.48914e-15      0.298617  -7.95246e-14    1.90796e-9    0.00846255  -3.53389e-16  -1.68259e-16   4.57029e-16  -9.23742e-10     0.0139698  -1.98487e-15  -4.30629e-16  -2.93994e-15   -0.00180057    1.77812e-9  -0.000114519  -6.14971e-16  -1.07058e-16  -4.25687e-16    4.3027e-16       0.39018      0.142735     0.0376106  -7.85431e-10    -0.0073653   -0.00932491   -1.24368e-8     -0.010539    -0.0141378   2.57577e-10    0.00415859    0.00151968    8.4192e-10   -0.00208498      -0.39018     -0.142735    -0.0376106   7.85431e-10    -0.0073653    0.00932491    1.24368e-8     -0.010539     0.0141378   2.57578e-10    0.00415859   -0.00151968   -8.4192e-10    0.00208498 │
│  11     0.0300939     0.0482451    -0.0521566     -0.100983     -0.154614    2.73242e-7   2.30822e-14      0.618009    2.65321e-7  -4.95466e-14      0.576916    1.51829e-7  -5.88078e-14      0.613686   3.63485e-18   8.53054e-16    0.00438024     3.0906e-9   -0.00284034  -9.57628e-18  -1.31768e-14     0.0126307    1.02127e-9   -0.00345529   9.54489e-16  -2.39906e-17  -6.98708e-16   0.000635216     3.1968e-9   -0.00191032   -1.36965e-9      0.315134      0.122839     0.0290443     1.8379e-9   -0.00961195   -0.00136264   -6.07349e-9    -0.0203786    0.00723862  -3.02821e-12    0.00164098   -0.00201922   -1.07629e-9   -0.00353924      0.315134      0.122839     0.0290443     1.8379e-9    0.00961195   -0.00136264   -6.07349e-9     0.0203786    0.00723862   3.02822e-12   -0.00164098   -0.00201922   -1.07629e-9   -0.00353924 │
