┌                                                                                                     ┐
│ Row             1             2             3             4             5            6            7 │
│   1       2.12925     -0.567478  -1.32204e-14   1.04515e-15    -0.0357319    0.0506995    0.0506995 │
│   2     -0.567478       2.48061   5.64761e-14  -9.88815e-15      0.206929    -0.211611    -0.211611 │
│   3  -1.32204e-14   5.64761e-14           2.0   1.39597e-14  -1.32608e-13  1.81844e-15  4.01374e-15 │
│   4   1.04515e-15  -9.88815e-15   1.39597e-14       2.20091    8.1045e-15      -0.1818       0.1818 │
│   5    -0.0357319      0.206929  -1.32608e-13    8.1045e-15       2.11566     -0.13722     -0.13722 │
│   6     0.0506995     -0.211611   1.81844e-15       -0.1818      -0.13722     0.039886   0.00985204 │
│   7     0.0506995     -0.211611   4.01374e-15        0.1818      -0.13722   0.00985204     0.039886 │
└                                                                                                     ┘
┌                                                                                                     ┐
│ Row             1             2             3             4             5            6            7 │
│   1       2.10925     -0.455008   3.33213e-16  -1.14729e-15     0.0369324   -0.0339437   -0.0339437 │
│   2     -0.455008        1.9474  -2.80734e-15    7.0266e-17     -0.181361    0.0787133    0.0787133 │
│   3   3.33213e-16  -2.80734e-15           2.0   1.87117e-16  -4.31524e-15  4.01737e-15  3.67756e-15 │
│   4  -1.14729e-15    7.0266e-17   1.87117e-16       1.72747  -1.20359e-15     0.194902    -0.194902 │
│   5     0.0369324     -0.181361  -4.31524e-15  -1.20359e-15       1.85581     0.132252     0.132252 │
│   6    -0.0339437     0.0787133   4.01737e-15      0.194902      0.132252    0.0358808  -0.00809871 │
│   7    -0.0339437     0.0787133   3.67756e-15     -0.194902      0.132252  -0.00809871    0.0358808 │
└                                                                                                     ┘
┌                                                                                                    ┐
│ Row             1             2            3             4             5            6            7 │
│   1        2.1081     -0.448719  2.64307e-16  -1.12417e-15     0.0413047   -0.0375071   -0.0375071 │
│   2     -0.448719       1.91559  -1.0932e-15  -1.27047e-16     -0.205049    0.0920116    0.0920116 │
│   3   2.64307e-16   -1.0932e-15          2.0   1.76391e-15    5.1932e-15   9.2626e-16  3.37816e-16 │
│   4  -1.12417e-15  -1.27047e-16  1.76391e-15       1.70314  -1.34183e-15     0.209951    -0.209951 │
│   5     0.0413047     -0.205049   5.1932e-15  -1.34183e-15       1.83923     0.145319     0.145319 │
│   6    -0.0375071     0.0920116   9.2626e-16      0.209951      0.145319    0.0436679  -0.00809457 │
│   7    -0.0375071     0.0920116  3.37816e-16     -0.209951      0.145319  -0.00809457    0.0436679 │
└                                                                                                    ┘
┌                                                                                                     ┐
│ Row             1             2             3             4            5            6             7 │
│   1       2.10804     -0.448414  -7.64263e-17  -1.10215e-15    0.0415107   -0.0376701    -0.0376701 │
│   2     -0.448414       1.91395   6.22669e-16  -3.10368e-16    -0.206209    0.0926891     0.0926891 │
│   3  -7.64263e-17   6.22669e-16           2.0    4.7368e-15  9.92102e-17  3.52105e-16  -6.81953e-16 │
│   4  -1.10215e-15  -3.10368e-16    4.7368e-15        1.7026  5.40841e-16     0.210279     -0.210279 │
│   5     0.0415107     -0.206209   9.92102e-17   5.40841e-16      1.83844     0.145926      0.145926 │
│   6    -0.0376701     0.0926891   3.52105e-16      0.210279     0.145926    0.0439613   -0.00797943 │
│   7    -0.0376701     0.0926891  -6.81953e-16     -0.210279     0.145926  -0.00797943     0.0439613 │
└                                                                                                     ┘
┌                                                                                                     ┐
│ Row             1            2             3             4             5            6             7 │
│   1       2.10804    -0.448395  -1.71831e-16  -1.26281e-15     0.0415237   -0.0376806    -0.0376806 │
│   2     -0.448395      1.91386    1.0706e-15   5.22197e-16      -0.20628      0.09273       0.09273 │
│   3  -1.71831e-16   1.0706e-15           2.0   3.02196e-15   5.60899e-16  -2.2027e-16  -4.28524e-16 │
│   4  -1.26281e-15  5.22197e-16   3.02196e-15       1.70262  -8.84975e-16     0.210269     -0.210269 │
│   5     0.0415237     -0.20628   5.60899e-16  -8.84975e-16       1.83839     0.145964      0.145964 │
│   6    -0.0376806      0.09273   -2.2027e-16      0.210269      0.145964    0.0439711   -0.00796392 │
│   7    -0.0376806      0.09273  -4.28524e-16     -0.210269      0.145964  -0.00796392     0.0439711 │
└                                                                                                     ┘
┌                                                                                                      ┐
│ Row             1             2             3             4             5             6            7 │
│   1       2.10302     -0.431084  -3.53993e-16  -1.17554e-15      0.120371    -0.0360658   -0.0360658 │
│   2     -0.431084       1.90644   2.08675e-15  -1.17984e-16     -0.656665    -0.0176488   -0.0176488 │
│   3  -3.53993e-16   2.08675e-15           2.0   1.40951e-15  -1.69231e-15  -2.03908e-15  9.48361e-17 │
│   4  -1.17554e-15  -1.17984e-16   1.40951e-15      0.706309  -8.23382e-16      0.543041    -0.543041 │
│   5      0.120371     -0.656665  -1.69231e-15  -8.23382e-16       1.20618        0.4776       0.4776 │
│   6    -0.0360658    -0.0176488  -2.03908e-15      0.543041        0.4776      0.644899    -0.190128 │
│   7    -0.0360658    -0.0176488   9.48361e-17     -0.543041        0.4776     -0.190128     0.644899 │
└                                                                                                      ┘
┌                                                                                                    ┐
│ Row             1             2             3             4            5            6            7 │
│   1       2.10598     -0.444762   1.91451e-16  -7.29502e-16     0.109507   -0.0292211   -0.0292211 │
│   2     -0.444762       1.95888  -8.12298e-16   -1.5933e-15    -0.617032   -0.0293348   -0.0293348 │
│   3   1.91451e-16  -8.12298e-16           2.0   6.81983e-16  8.52792e-16  1.47368e-16  1.24998e-15 │
│   4  -7.29502e-16   -1.5933e-15   6.81983e-16      0.744331   6.4691e-16     0.541275    -0.541275 │
│   5      0.109507     -0.617032   8.52792e-16    6.4691e-16      1.23568     0.472031     0.472031 │
│   6    -0.0292211    -0.0293348   1.47368e-16      0.541275     0.472031     0.599976     -0.18725 │
│   7    -0.0292211    -0.0293348   1.24998e-15     -0.541275     0.472031     -0.18725     0.599976 │
└                                                                                                    ┘
┌                                                                                                     ┐
│ Row             1             2             3             4             5            6            7 │
│   1       2.10641      -0.44705   6.47105e-17  -9.74753e-16       0.10894   -0.0277792   -0.0277792 │
│   2      -0.44705       1.97061  -3.22176e-18  -2.42141e-16     -0.616187   -0.0357853   -0.0357853 │
│   3   6.47105e-17  -3.22176e-18           2.0   1.10595e-15  -2.98054e-16  2.15208e-17  1.98541e-17 │
│   4  -9.74753e-16  -2.42141e-16   1.10595e-15      0.737392   9.29703e-16     0.541678    -0.541678 │
│   5       0.10894     -0.616187  -2.98054e-16   9.29703e-16       1.22859      0.47484      0.47484 │
│   6    -0.0277792    -0.0357853   2.15208e-17      0.541678       0.47484     0.606322    -0.189496 │
│   7    -0.0277792    -0.0357853   1.98541e-17     -0.541678       0.47484    -0.189496     0.606322 │
└                                                                                                     ┘
┌                                                                                                      ┐
│ Row             1             2             3             4             5             6            7 │
│   1       2.10655     -0.447793  -3.19835e-17  -7.43599e-16      0.108649     -0.027334    -0.027334 │
│   2     -0.447793       1.97423    3.7309e-16  -1.69345e-15     -0.615384    -0.0375441   -0.0375441 │
│   3  -3.19835e-17    3.7309e-16           2.0   2.82858e-16  -5.62768e-16  -4.51493e-16  5.17035e-16 │
│   4  -7.43599e-16  -1.69345e-15   2.82858e-16      0.737399   1.32216e-15      0.541677    -0.541677 │
│   5      0.108649     -0.615384  -5.62768e-16   1.32216e-15        1.2273      0.475421     0.475421 │
│   6     -0.027334    -0.0375441  -4.51493e-16      0.541677      0.475421      0.606526    -0.189283 │
│   7     -0.027334    -0.0375441   5.17035e-16     -0.541677      0.475421     -0.189283     0.606526 │
└                                                                                                      ┘
┌                                                                                                     ┐
│ Row             1             2             3             4            5             6            7 │
│   1       2.10659      -0.44801  -1.52593e-16   -9.0124e-16     0.108593    -0.0271968   -0.0271968 │
│   2      -0.44801       1.97534   9.97959e-16  -9.34102e-16    -0.615294    -0.0381556   -0.0381556 │
│   3  -1.52593e-16   9.97959e-16           2.0  -3.94689e-16  -1.5854e-15  -6.59518e-16  6.47105e-17 │
│   4   -9.0124e-16  -9.34102e-16  -3.94689e-16       0.73743  3.44539e-16      0.541676    -0.541676 │
│   5      0.108593     -0.615294   -1.5854e-15   3.44539e-16      1.22664      0.475681     0.475681 │
│   6    -0.0271968    -0.0381556  -6.59518e-16      0.541676     0.475681        0.6067    -0.189071 │
│   7    -0.0271968    -0.0381556   6.47105e-17     -0.541676     0.475681     -0.189071       0.6067 │
└                                                                                                     ┘
┌                                                                                                    ┐
│ Row             1             2             3             4            5            6            7 │
│   1        2.1066     -0.448083   1.67982e-16  -8.20754e-16     0.108579   -0.0271497   -0.0271497 │
│   2     -0.448083       1.97572  -5.94958e-16  -1.41743e-15    -0.615289   -0.0383758   -0.0383758 │
│   3   1.67982e-16  -5.94958e-16           2.0     4.105e-16  -4.2815e-16  7.33788e-16  9.80825e-17 │
│   4  -8.20754e-16  -1.41743e-15     4.105e-16      0.737506  1.65489e-16     0.541671    -0.541671 │
│   5      0.108579     -0.615289   -4.2815e-16   1.65489e-16      1.22637     0.475784     0.475784 │
│   6    -0.0271497    -0.0383758   7.33788e-16      0.541671     0.475784     0.606739    -0.188937 │
│   7    -0.0271497    -0.0383758   9.80825e-17     -0.541671     0.475784    -0.188937     0.606739 │
└                                                                                                    ┘
┌                                                                                                       ┐
│ Row             1             2             3             4             5             6             7 │
│   1       2.10661     -0.448108  -3.95056e-16  -9.72373e-16      0.108576    -0.0271324    -0.0271324 │
│   2     -0.448108       1.97586   2.33668e-15  -5.53246e-16     -0.615298    -0.0384612    -0.0384612 │
│   3  -3.95056e-16   2.33668e-15           2.0   5.34669e-16  -3.28497e-15  -8.89523e-16  -1.39107e-15 │
│   4  -9.72373e-16  -5.53246e-16   5.34669e-16       0.73755   1.49907e-15      0.541669     -0.541669 │
│   5      0.108576     -0.615298  -3.28497e-15   1.49907e-15       1.22625      0.475827      0.475827 │
│   6    -0.0271324    -0.0384612  -8.89523e-16      0.541669      0.475827      0.606752     -0.188869 │
│   7    -0.0271324    -0.0384612  -1.39107e-15     -0.541669      0.475827     -0.188869      0.606752 │
└                                                                                                       ┘
┌                                                                                                     ┐
│ Row             1            2             3             4             5             6            7 │
│   1       2.10661    -0.448118   2.72833e-19  -1.09503e-15      0.108575    -0.0271256   -0.0271256 │
│   2     -0.448118      1.97591   1.44839e-16   2.44657e-16     -0.615304    -0.0384958   -0.0384958 │
│   3   2.72833e-19  1.44839e-16           2.0  -2.66085e-16  -1.88917e-15  -2.92522e-17  5.79561e-16 │
│   4  -1.09503e-15  2.44657e-16  -2.66085e-16      0.737572   5.69083e-16      0.541668    -0.541668 │
│   5      0.108575    -0.615304  -1.88917e-15   5.69083e-16        1.2262      0.475845     0.475845 │
│   6    -0.0271256   -0.0384958  -2.92522e-17      0.541668      0.475845      0.606757    -0.188837 │
│   7    -0.0271256   -0.0384958   5.79561e-16     -0.541668      0.475845     -0.188837     0.606757 │
└                                                                                                     ┘
┌                                                                                                      ┐
│ Row             1             2             3             4             5             6            7 │
│   1       2.10661     -0.448122   1.27165e-17  -1.04125e-15      0.108575    -0.0271229   -0.0271229 │
│   2     -0.448122       1.97593   1.66347e-16  -8.18892e-18     -0.615307    -0.0385103   -0.0385103 │
│   3   1.27165e-17   1.66347e-16           2.0  -1.77601e-15  -1.49484e-15  -3.94363e-16  6.13207e-16 │
│   4  -1.04125e-15  -8.18892e-18  -1.77601e-15      0.737582  -3.95031e-16      0.541667    -0.541667 │
│   5      0.108575     -0.615307  -1.49484e-15  -3.95031e-16       1.22618      0.475853     0.475853 │
│   6    -0.0271229    -0.0385103  -3.94363e-16      0.541667      0.475853      0.606758    -0.188823 │
│   7    -0.0271229    -0.0385103   6.13207e-16     -0.541667      0.475853     -0.188823     0.606758 │
└                                                                                                      ┘
┌                                                                                                      ┐
│ Row             1             2             3             4             5            6             7 │
│   1       2.10661     -0.448124   1.10432e-16  -7.98157e-16      0.108575   -0.0271217    -0.0271217 │
│   2     -0.448124       1.97594  -4.05132e-16  -1.72743e-15     -0.615309   -0.0385164    -0.0385164 │
│   3   1.10432e-16  -4.05132e-16           2.0  -2.31106e-16  -5.68268e-16  1.08547e-15  -5.98357e-17 │
│   4  -7.98157e-16  -1.72743e-15  -2.31106e-16      0.737587   1.24976e-15     0.541667     -0.541667 │
│   5      0.108575     -0.615309  -5.68268e-16   1.24976e-15       1.22617     0.475856      0.475856 │
│   6    -0.0271217    -0.0385164   1.08547e-15      0.541667      0.475856     0.606759     -0.188816 │
│   7    -0.0271217    -0.0385164  -5.98357e-17     -0.541667      0.475856    -0.188816      0.606759 │
└                                                                                                      ┘
┌                                                                                                     ┐
│ Row             1             2             3             4            5            6             7 │
│   1       2.10661     -0.448125   9.19496e-17  -3.48225e-16     0.108575   -0.0271212    -0.0271212 │
│   2     -0.448125       1.97595  -1.34273e-16  -3.70748e-15    -0.615309    -0.038519     -0.038519 │
│   3   9.19496e-17  -1.34273e-16           2.0  -5.08937e-16  -4.4667e-16  6.70845e-16  -5.54844e-16 │
│   4  -3.48225e-16  -3.70748e-15  -5.08937e-16      0.737589  4.25137e-15     0.541667     -0.541667 │
│   5      0.108575     -0.615309   -4.4667e-16   4.25137e-15      1.22617     0.475858      0.475858 │
│   6    -0.0271212     -0.038519   6.70845e-16      0.541667     0.475858     0.606759     -0.188813 │
│   7    -0.0271212     -0.038519  -5.54844e-16     -0.541667     0.475858    -0.188813      0.606759 │
└                                                                                                     ┘
┌                                                                                                      ┐
│ Row             1             2             3             4             5            6             7 │
│   1       2.10661     -0.448125  -1.94919e-16  -7.83935e-16      0.108575    -0.027121     -0.027121 │
│   2     -0.448125       1.97595   1.20682e-15  -1.16468e-15      -0.61531   -0.0385202    -0.0385202 │
│   3  -1.94919e-16   1.20682e-15           2.0  -2.43604e-16  -1.63083e-15  -2.0894e-16  -5.58018e-16 │
│   4  -7.83935e-16  -1.16468e-15  -2.43604e-16       0.73759   -6.8245e-16     0.541667     -0.541667 │
│   5      0.108575      -0.61531  -1.63083e-15   -6.8245e-16       1.22616     0.475858      0.475858 │
│   6     -0.027121    -0.0385202   -2.0894e-16      0.541667      0.475858     0.606759     -0.188812 │
│   7     -0.027121    -0.0385202  -5.58018e-16     -0.541667      0.475858    -0.188812      0.606759 │
└                                                                                                      ┘
┌                                                                                                    ┐
│ Row             1             2             3             4             5           6            7 │
│   1       2.10661     -0.448125   9.49598e-17  -7.79263e-16      0.108575  -0.0271209   -0.0271209 │
│   2     -0.448125       1.97595  -4.07277e-16  -9.01852e-16      -0.61531  -0.0385207   -0.0385207 │
│   3   9.49598e-17  -4.07277e-16           2.0   6.77524e-16  -4.95426e-17  1.1629e-15  1.61977e-16 │
│   4  -7.79263e-16  -9.01852e-16   6.77524e-16      0.737591   3.66254e-16    0.541667    -0.541667 │
│   5      0.108575      -0.61531  -4.95426e-17   3.66254e-16       1.22616    0.475859     0.475859 │
│   6    -0.0271209    -0.0385207    1.1629e-15      0.541667      0.475859    0.606759    -0.188812 │
│   7    -0.0271209    -0.0385207   1.61977e-16     -0.541667      0.475859   -0.188812     0.606759 │
└                                                                                                    ┘
┌                                                                                                     ┐
│ Row             1             2             3             4             5            6            7 │
│   1       2.10661     -0.448125   1.32873e-16  -7.01687e-16      0.108575   -0.0271209   -0.0271209 │
│   2     -0.448125       1.97595  -5.37929e-16  -1.61159e-15      -0.61531   -0.0385209   -0.0385209 │
│   3   1.32873e-16  -5.37929e-16           2.0  -3.93894e-16   2.34817e-16  4.43972e-17  1.18164e-15 │
│   4  -7.01687e-16  -1.61159e-15  -3.93894e-16      0.737591  -2.06656e-16     0.541667    -0.541667 │
│   5      0.108575      -0.61531   2.34817e-16  -2.06656e-16       1.22616     0.475859     0.475859 │
│   6    -0.0271209    -0.0385209   4.43972e-17      0.541667      0.475859     0.606759    -0.188811 │
│   7    -0.0271209    -0.0385209   1.18164e-15     -0.541667      0.475859    -0.188811     0.606759 │
└                                                                                                     ┘
┌                                                                                                       ┐
│ Row             1             2             3             4             5             6             7 │
│   1       2.10661     -0.448125  -4.42553e-17  -9.33106e-16      0.108575    -0.0271208    -0.0271208 │
│   2     -0.448125       1.97595   4.94545e-16  -6.86559e-16      -0.61531     -0.038521     -0.038521 │
│   3  -4.42553e-17   4.94545e-16           2.0  -4.60115e-17  -1.35437e-15  -9.84532e-17  -1.53277e-16 │
│   4  -9.33106e-16  -6.86559e-16  -4.60115e-17      0.737591  -1.93398e-15      0.541667     -0.541667 │
│   5      0.108575      -0.61531  -1.35437e-15  -1.93398e-15       1.22616      0.475859      0.475859 │
│   6    -0.0271208     -0.038521  -9.84532e-17      0.541667      0.475859      0.606759     -0.188811 │
│   7    -0.0271208     -0.038521  -1.53277e-16     -0.541667      0.475859     -0.188811      0.606759 │
└                                                                                                       ┘
┌                                                                                                      ┐
│ Row             1             2             3             4             5            6             7 │
│   1       2.10661     -0.448125   1.84083e-17  -9.62399e-16      0.108575   -0.0271208    -0.0271208 │
│   2     -0.448125       1.97595    1.4267e-16  -8.74965e-16      -0.61531    -0.038521     -0.038521 │
│   3   1.84083e-17    1.4267e-16           2.0  -2.06359e-16  -9.78109e-16  2.46729e-16  -4.39209e-17 │
│   4  -9.62399e-16  -8.74965e-16  -2.06359e-16      0.737591  -1.47887e-15     0.541667     -0.541667 │
│   5      0.108575      -0.61531  -9.78109e-16  -1.47887e-15       1.22616     0.475859      0.475859 │
│   6    -0.0271208     -0.038521   2.46729e-16      0.541667      0.475859     0.606759     -0.188811 │
│   7    -0.0271208     -0.038521  -4.39209e-17     -0.541667      0.475859    -0.188811      0.606759 │
└                                                                                                      ┘
┌                                                                                                    ┐
│ Row            1             2             3             4             5            6            7 │
│   1      2.10661     -0.448125   3.31481e-16   -8.2334e-16      0.108575   -0.0271208   -0.0271208 │
│   2    -0.448125       1.97595  -1.54169e-15  -1.60713e-15      -0.61531   -0.0385211   -0.0385211 │
│   3  3.31481e-16  -1.54169e-15           2.0   6.19256e-16   1.30885e-15  1.70318e-15  4.74624e-16 │
│   4  -8.2334e-16  -1.60713e-15   6.19256e-16      0.737591  -7.82998e-16     0.541667    -0.541667 │
│   5     0.108575      -0.61531   1.30885e-15  -7.82998e-16       1.22616     0.475859     0.475859 │
│   6   -0.0271208    -0.0385211   1.70318e-15      0.541667      0.475859     0.606759    -0.188811 │
│   7   -0.0271208    -0.0385211   4.74624e-16     -0.541667      0.475859    -0.188811     0.606759 │
└                                                                                                    ┘
┌                                                                                                       ┐
│ Row             1             2             3             4             5             6             7 │
│   1       2.10661     -0.448125  -2.00275e-16  -6.20538e-16      0.108575    -0.0271208    -0.0271208 │
│   2     -0.448125       1.97595   1.22965e-15  -2.94484e-15      -0.61531    -0.0385211    -0.0385211 │
│   3  -2.00275e-16   1.22965e-15           2.0   4.11628e-16  -2.05677e-15  -4.58593e-16  -2.74998e-16 │
│   4  -6.20538e-16  -2.94484e-15   4.11628e-16      0.737591   4.05726e-16      0.541667     -0.541667 │
│   5      0.108575      -0.61531  -2.05677e-15   4.05726e-16       1.22616      0.475859      0.475859 │
│   6    -0.0271208    -0.0385211  -4.58593e-16      0.541667      0.475859      0.606759     -0.188811 │
│   7    -0.0271208    -0.0385211  -2.74998e-16     -0.541667      0.475859     -0.188811      0.606759 │
└                                                                                                       ┘
┌                                                                                                       ┐
│ Row             1             2             3             4             5             6             7 │
│   1       2.10661     -0.448125  -2.00275e-16  -6.20538e-16      0.108575    -0.0271208    -0.0271208 │
│   2     -0.448125       1.97595   1.22965e-15  -2.94484e-15      -0.61531    -0.0385211    -0.0385211 │
│   3  -2.00275e-16   1.22965e-15           2.0   4.11628e-16  -2.05677e-15  -4.58593e-16  -2.74998e-16 │
│   4  -6.20538e-16  -2.94484e-15   4.11628e-16      0.737591   4.05726e-16      0.541667     -0.541667 │
│   5      0.108575      -0.61531  -2.05677e-15   4.05726e-16       1.22616      0.475859      0.475859 │
│   6    -0.0271208    -0.0385211  -4.58593e-16      0.541667      0.475859      0.606759     -0.188811 │
│   7    -0.0271208    -0.0385211  -2.74998e-16     -0.541667      0.475859     -0.188811      0.606759 │
└                                                                                                       ┘
