┌                                                                                                      ┐
│ Row             1             2             3             4             5             6            7 │
│   1       2.10661     -0.448125  -6.70414e-17  -7.28862e-16      0.108575    -0.0271208   -0.0271208 │
│   2     -0.448125       1.97595   4.95095e-16  -1.93911e-15      -0.61531    -0.0385211   -0.0385211 │
│   3  -6.70414e-17   4.95095e-16           2.0  -4.68912e-16  -2.23708e-15  -4.22029e-16  5.72326e-16 │
│   4  -7.28862e-16  -1.93911e-15  -4.68912e-16      0.737591   2.01699e-15      0.541667    -0.541667 │
│   5      0.108575      -0.61531  -2.23708e-15   2.01699e-15       1.22616      0.475859     0.475859 │
│   6    -0.0271208    -0.0385211  -4.22029e-16      0.541667      0.475859      0.606759    -0.188811 │
│   7    -0.0271208    -0.0385211   5.72326e-16     -0.541667      0.475859     -0.188811     0.606759 │
└                                                                                                      ┘
