┌                                                                                                                                                                                                                                                                                                                                                                                                                                                                                                                                                                                                                                                                                                                                                                                                                                                               ┐
│ Row             1             2             3             4             5             6             7             8             9            10            11            12            13            14            15            16            17            18            19            20            21            22            23            24            25            26            27            28            29            30            31            32            33            34            35            36            37            38            39            40            41            42            43            44            45            46            47            48            49            50            51            52            53            54            55            56            57            58            59 │
│   1       2.77533       2.57623      -0.13853     -0.276375     -0.111203   8.94519e-16  -4.64562e-15     0.0842615   -1.9145e-15   6.43091e-14     0.0601879  -1.71331e-15     6.542e-14      0.128328  -7.59721e-17  -3.03556e-16   0.000582658   2.29724e-16   0.000907034   1.58804e-15   8.74933e-15   0.000557319  -1.05195e-15    0.00296667  -5.70486e-16   9.82753e-16   1.38308e-15    6.27603e-5  -5.00655e-16   0.000262903   3.59006e-16      -0.12406    -0.0117924     0.0035289  -5.22345e-16    0.00447741     0.0048395   3.94687e-16   -1.35782e-5    0.00423335   2.49886e-16   -0.00237608   -0.00079691   6.78513e-16   0.000816066      -0.12406    -0.0117924     0.0035289   6.69382e-16   -0.00447741     0.0048395   1.88456e-15    1.35782e-5    0.00423335   1.61772e-15    0.00237608   -0.00079691  -9.54877e-16   0.000816066 │
│   2       2.57623       2.43667     -0.233873     -0.398557     -0.168137   6.75827e-16  -5.69601e-15      0.123092    -1.746e-15   4.34345e-14     0.0964902  -1.19046e-15   4.85299e-14      0.192016  -8.67322e-17  -3.56945e-16   0.000821697   1.97991e-16    0.00146879   1.49368e-15   5.68275e-15    0.00120883  -9.35818e-16    0.00411395  -3.45883e-16   9.27489e-16   1.09381e-15   0.000248471  -4.51956e-16   0.000552098   3.33429e-16     -0.182923    -0.0175381    0.00584527  -4.93007e-16    0.00642653    0.00690437    3.1455e-16   0.000329718    0.00651618   2.48512e-16    -0.0030619   -0.00104725   6.32447e-16    0.00100702     -0.182923    -0.0175381    0.00584527   6.41343e-16   -0.00642653    0.00690437   1.73335e-15  -0.000329718    0.00651618   1.49525e-15     0.0030619   -0.00104725  -8.74624e-16    0.00100702 │
│   3      -0.13853     -0.233873      0.251841      0.344527      0.158056   9.74986e-16   2.45358e-14     -0.115888   6.58977e-16   5.28234e-14     -0.104313  -2.48648e-17   3.73851e-14     -0.183047   4.26668e-17   5.64754e-16  -0.000734278   2.91022e-17   -0.00146498  -1.28664e-16   5.71514e-15   -0.00178686   -2.9946e-17   -0.00326157  -4.68144e-16  -8.74543e-17   3.48216e-16  -0.000452288  -4.21351e-18  -0.000704566  -2.00894e-17      0.159567     0.0143804   -0.00649358   5.30714e-17   -0.00537362   -0.00582146    1.2596e-16  -0.000544404   -0.00630137  -5.66818e-17    0.00208521   0.000777955  -4.39876e-17    -0.0005763      0.159567     0.0143804   -0.00649358   -7.5018e-17    0.00537362   -0.00582146  -3.39342e-17   0.000544404   -0.00630137  -6.24647e-17   -0.00208521   0.000777955   1.85325e-17    -0.0005763 │
│   4     -0.276375     -0.398557      0.344527      0.477273      0.229993   -6.5795e-15  -1.01072e-13     -0.222494  -6.95021e-15  -5.77398e-14     -0.201967   -1.0679e-14  -4.25374e-14     -0.312655   7.01648e-17  -1.57069e-15    -0.0014608  -8.05226e-19    -0.0016724   -2.5861e-16   2.34588e-15   -0.00373728    -1.557e-16   -0.00405944  -2.47232e-17  -1.75375e-16   2.85212e-16  -0.000670475  -6.68619e-18  -0.000740759  -3.62169e-19      0.182358    0.00639095    -0.0118336   8.99469e-18   -0.00625738   -0.00774288  -8.99355e-17    0.00144879    -0.0092774   -6.3633e-17    0.00267125    0.00127412   -6.7305e-17  -0.000414582      0.182358    0.00639095    -0.0118336  -2.30074e-16    0.00625738   -0.00774288  -3.73078e-16   -0.00144879    -0.0092774  -1.77773e-16   -0.00267125    0.00127412   8.92918e-17  -0.000414582 │
│   5     -0.111203     -0.168137      0.158056      0.229993      0.152904  -9.20556e-15  -2.55471e-15     -0.333631  -9.81199e-15  -9.89213e-15     -0.309228  -1.44598e-14  -1.85981e-14      -0.36784   6.88751e-17   1.45581e-16   -0.00231821   9.04825e-18    0.00045953  -2.33474e-16  -1.89822e-15   -0.00649912  -2.00215e-16  -0.000244176   1.30981e-16  -1.68967e-16  -5.02064e-16  -0.000519921  -3.24468e-17    0.00046142   5.30763e-17    -0.0523595     -0.046164    -0.0162327  -4.10449e-17    0.00132148   -0.00254064  -1.70579e-16    0.00865504   -0.00656582  -6.83591e-17    0.00040965    0.00130703  -5.76971e-17    0.00123976    -0.0523595     -0.046164    -0.0162327  -2.45833e-16   -0.00132148   -0.00254064  -3.62974e-16   -0.00865504   -0.00656582  -1.06713e-16   -0.00040965    0.00130703   7.66852e-17    0.00123976 │
│   6   8.94519e-16   6.75827e-16   9.74986e-16   -6.5795e-15  -9.20556e-15       1.69192  -1.48459e-16  -1.18025e-15       1.66997  -4.79957e-15   -1.0669e-14       2.21709   -3.5916e-15  -6.32445e-15   -1.7239e-16    5.8883e-16   9.40641e-17    0.00956166   -1.5795e-16   2.23361e-16  -9.14845e-16  -5.66118e-16     0.0316804   9.13535e-16   -9.6761e-16  -1.93572e-17   1.92843e-16   1.03841e-16    0.00270595   6.62172e-16   -0.00666437   1.49469e-15   9.82426e-15  -1.10047e-15     0.0186098  -5.79001e-16   3.68132e-16     0.0578871  -3.57269e-15  -2.42252e-15   -0.00876653   7.22589e-16  -3.15642e-17   -0.00610712  -1.68512e-17   5.06783e-15   7.78909e-15  -6.28077e-16     0.0186098   1.07958e-15  -6.07838e-16     0.0578871   1.44639e-15  -1.06861e-15    0.00876653  -4.35081e-16  -1.83275e-16   -0.00610712  -6.33844e-16 │
│   7  -4.64562e-15  -5.69601e-15   2.45358e-14  -1.01072e-13  -2.55471e-15  -1.48459e-16       1.06895   1.46334e-14   1.53982e-15      0.959921  -4.91706e-14  -1.66811e-15      0.665067  -2.48032e-14   2.36125e-18     0.0188474   1.02472e-16   -2.8198e-16  -3.04714e-16   -4.6736e-16     0.0311131   8.38078e-16  -7.88213e-17   9.77155e-15   -0.00401016  -1.75885e-16  -0.000255051   2.03769e-15  -4.24353e-16   4.87071e-15     2.179e-16      0.868992      0.317894     0.0837649     1.035e-16    -0.0164037    -0.0207681   7.14847e-16    -0.0234721    -0.0314872  -1.74852e-16    0.00926185    0.00338458  -2.02247e-16   -0.00464359     -0.868992     -0.317894    -0.0837649   3.28234e-17    -0.0164037     0.0207681   2.33335e-16    -0.0234721     0.0314872    -2.816e-16    0.00926185   -0.00338458  -5.43915e-18    0.00464359 │
│   8     0.0842615      0.123092     -0.115888     -0.222494     -0.333631  -1.18025e-15   1.46334e-14       1.32424   1.69192e-15     1.271e-13       1.23602   6.88137e-15   1.46578e-13       1.31619   -2.2292e-16  -3.22302e-16     0.0093845  -2.51636e-16   -0.00605072   7.48664e-16   2.18911e-14     0.0270491    2.8012e-17   -0.00732862  -1.59524e-15   5.62443e-16   3.30968e-15    0.00136547    8.7795e-17   -0.00407556  -1.32348e-16      0.671212      0.262522     0.0622461  -1.77964e-16    -0.0204614   -0.00280495  -5.18471e-16    -0.0435892     0.0155986   4.29423e-16    0.00346696   -0.00433548   3.18389e-16   -0.00755851      0.671212      0.262522     0.0622461   4.46709e-16     0.0204614   -0.00280495  -4.70159e-17     0.0435892     0.0155986   4.89998e-17   -0.00346696   -0.00433548  -1.16225e-16   -0.00755851 │
│   9   -1.9145e-15    -1.746e-15   6.58977e-16  -6.95021e-15  -9.81199e-15       1.66997   1.53982e-15   1.69192e-15       1.64831  -3.22295e-15  -7.84665e-15       2.18833  -2.49581e-15  -3.39658e-15  -1.70154e-16   6.10924e-16   1.13034e-16    0.00943761  -1.68748e-16   2.20463e-16  -8.53893e-16  -4.99601e-16     0.0312693   8.85268e-16  -9.61382e-16  -1.91061e-17   1.89939e-16   1.05741e-16    0.00267085   6.45082e-16   -0.00657791    4.2999e-15   1.07656e-14  -8.18412e-16     0.0183683  -6.42037e-16   3.23957e-16     0.0571361  -3.65689e-15  -2.40665e-15   -0.00865279   7.36228e-16  -3.49167e-17   -0.00602789  -4.06884e-17   5.08488e-15   7.75381e-15  -6.16442e-16     0.0183683   1.08436e-15  -5.73824e-16     0.0571361   1.48411e-15  -9.70957e-16    0.00865279  -4.23227e-16  -1.95338e-16   -0.00602789  -6.35025e-16 │
│  10   6.43091e-14   4.34345e-14   5.28234e-14  -5.77398e-14  -9.89213e-15  -4.79957e-15      0.959921     1.271e-13  -3.22295e-15      0.862014    6.2356e-14  -7.61262e-15      0.597233   7.97868e-14   2.12042e-18     0.0169251   9.15296e-16   -2.7959e-16  -1.12423e-15  -4.19692e-16     0.0279397   3.15199e-15  -1.58155e-16    7.5266e-15   -0.00360114  -1.57945e-16  -0.000229037   1.88491e-15  -3.88534e-16   3.84256e-15   2.14055e-16      0.780359       0.28547     0.0752213   4.16185e-17    -0.0147306    -0.0186498   4.82286e-16    -0.0210781    -0.0282756   -1.3284e-16    0.00831718    0.00303937  -1.64775e-16   -0.00416997     -0.780359      -0.28547    -0.0752213  -2.18493e-17    -0.0147306     0.0186498   4.98852e-17    -0.0210781     0.0282756  -2.77056e-16    0.00831718   -0.00303937   1.19588e-17    0.00416997 │
│  11     0.0601879     0.0964902     -0.104313     -0.201967     -0.309228   -1.0669e-14  -4.91706e-14       1.23602  -7.84665e-15    6.2356e-14       1.15383  -6.10054e-15   9.77933e-14       1.22737  -2.07401e-16  -1.40647e-15    0.00876048   -2.9037e-16   -0.00568068   6.88645e-16   1.86454e-14     0.0252615  -1.47051e-16   -0.00691059  -1.25675e-15   5.18744e-16   3.10522e-15    0.00127043   6.97506e-17   -0.00382064  -8.84544e-17      0.630268      0.245678     0.0580886  -2.67824e-16    -0.0192239   -0.00272528  -8.13016e-16    -0.0407571     0.0144772   4.48822e-16    0.00328196   -0.00403844   3.27534e-16   -0.00707848      0.630268      0.245678     0.0580886   3.07317e-16     0.0192239   -0.00272528  -3.83326e-16     0.0407571     0.0144772  -1.43927e-17   -0.00328196   -0.00403844  -6.80763e-17   -0.00707848 │
│  12  -1.71331e-15  -1.19046e-15  -2.48648e-17   -1.0679e-14  -1.44598e-14       2.21709  -1.66811e-15   6.88137e-15       2.18833  -7.61262e-15  -6.10054e-15       2.90527  -5.62324e-15   2.37063e-16    -2.259e-16    7.4562e-16   1.82739e-16     0.0125296  -2.41114e-16   2.92692e-16   -1.2417e-15  -5.69873e-16     0.0415139   1.15776e-15  -1.26243e-15  -2.53657e-17   2.53053e-16   1.45824e-16    0.00354587   8.44324e-16   -0.00873298   4.58904e-15   1.40303e-14  -1.15754e-15     0.0243862  -8.52201e-16   5.04973e-16     0.0758552  -4.91707e-15  -3.02102e-15    -0.0114876   9.52391e-16  -7.41304e-17   -0.00800276  -6.17566e-17   1.16671e-14   1.22399e-14  -3.07575e-16     0.0243862   1.55338e-15  -8.31194e-16     0.0758552   2.19547e-15  -1.33367e-15     0.0114876  -6.01176e-16    -2.636e-16   -0.00800276  -8.83065e-16 │
│  13     6.542e-14   4.85299e-14   3.73851e-14  -4.25374e-14  -1.85981e-14   -3.5916e-15      0.665067   1.46578e-13  -2.49581e-15      0.597233   9.77933e-14  -5.62324e-15      0.413784   1.11841e-13    1.4691e-18     0.0117263   1.05123e-15  -1.95214e-16  -1.09347e-15  -2.90777e-16     0.0193576   3.38691e-15  -1.14561e-16   4.80535e-15     -0.002495   -1.0943e-16  -0.000158685    1.3566e-15  -2.69616e-16   2.45582e-15   1.49354e-16       0.54066      0.197784      0.052116   2.59058e-17    -0.0102059    -0.0129213   3.25034e-16    -0.0146036    -0.0195903  -9.06564e-17    0.00576244    0.00210578  -1.13201e-16    -0.0028891      -0.54066     -0.197784     -0.052116  -1.80669e-17    -0.0102059     0.0129213   2.54515e-17    -0.0146036     0.0195903  -1.93334e-16    0.00576244   -0.00210578   9.24667e-18     0.0028891 │
│  14      0.128328      0.192016     -0.183047     -0.312655      -0.36784  -6.32445e-15  -2.48032e-14       1.31619  -3.39658e-15   7.97868e-14       1.22737   2.37063e-16   1.11841e-13       1.32726  -2.28208e-16  -1.03736e-15     0.0093031  -2.79129e-16   -0.00545331   7.66168e-16   1.87135e-14     0.0267193  -5.94604e-17   -0.00618442  -1.29668e-15   5.72418e-16   3.12248e-15    0.00145001   7.69839e-17   -0.00375296  -1.02301e-16      0.605695      0.250413     0.0621584  -2.42834e-16    -0.0183199   -0.00107948  -7.04607e-16    -0.0420991     0.0168913   4.58229e-16    0.00277147   -0.00442189   3.40572e-16   -0.00716321      0.605695      0.250413     0.0621584   4.01851e-16     0.0183199   -0.00107948  -1.98699e-16     0.0420991     0.0168913   4.41398e-17   -0.00277147   -0.00442189  -1.02849e-16   -0.00716321 │
│  15  -7.59721e-17  -8.67322e-17   4.26668e-17   7.01648e-17   6.88751e-17   -1.7239e-16   2.36125e-18   -2.2292e-16  -1.70154e-16   2.12042e-18  -2.07401e-16    -2.259e-16    1.4691e-18  -2.28208e-16   5.82127e-32    4.1633e-20  -1.57203e-18   -9.7424e-19   8.23639e-19  -1.83339e-31   6.87272e-20  -4.48232e-18  -3.22792e-18   8.35744e-19  -8.85823e-21  -1.13653e-31  -5.63394e-22  -2.58013e-19   -2.7571e-19   5.85369e-19   6.79034e-19  -8.92728e-17  -3.97611e-17  -1.03754e-17  -1.89615e-18   2.68725e-18  -1.86474e-19  -5.89813e-18   6.86102e-18  -3.17861e-18   8.93223e-19  -3.10579e-19   7.81048e-19   6.22255e-19   1.13213e-18   -9.3112e-17  -4.11655e-17  -1.07454e-17  -1.89615e-18  -2.75972e-18  -9.47229e-20  -5.89813e-18  -6.96472e-18   -3.0395e-18  -8.93223e-19   3.51497e-19   7.66096e-19   6.22255e-19   1.15264e-18 │
│  16  -3.03556e-16  -3.56945e-16   5.64754e-16  -1.57069e-15   1.45581e-16    5.8883e-16     0.0188474  -3.22302e-16   6.10924e-16     0.0169251  -1.40647e-15    7.4562e-16     0.0117263  -1.03736e-15    4.1633e-20   0.000332314  -2.27818e-18  -1.62931e-18  -3.40337e-18  -8.24038e-18   0.000548578   3.16274e-18   9.68478e-18   1.74119e-16   -7.07061e-5  -3.10116e-18     -4.497e-6   3.52283e-17  -6.53617e-18   8.73108e-17   1.51229e-18     0.0153219    0.00560503    0.00147692   8.33032e-18  -0.000289226  -0.000366177   3.28397e-17  -0.000413855  -0.000555174  -6.14747e-18   0.000163303    5.96761e-5  -5.70083e-18   -8.18747e-5    -0.0153219   -0.00560503   -0.00147692   7.08417e-18  -0.000289226   0.000366177   2.43498e-17  -0.000413855   0.000555174  -1.90058e-18   0.000163303   -5.96761e-5  -2.23077e-18    8.18747e-5 │
│  17   0.000582658   0.000821697  -0.000734278    -0.0014608   -0.00231821   9.40641e-17   1.02472e-16     0.0093845   1.13034e-16   9.15296e-16    0.00876048   1.82739e-16   1.05123e-15     0.0093031  -1.57203e-18  -2.27818e-18    6.65369e-5  -1.20071e-18   -4.35949e-5    5.3011e-18   1.57712e-16   0.000191888   2.08737e-18   -5.33245e-5  -1.14935e-17   3.98333e-18   2.37052e-17    9.55441e-6   7.80598e-19   -2.92649e-5  -1.34722e-18    0.00483466    0.00187376   0.000440731  -1.30651e-19  -0.000147559   -2.20403e-5  -1.46408e-19  -0.000310468   0.000108773   2.50989e-18    2.54132e-5   -3.05846e-5   1.88988e-18   -5.40028e-5    0.00483466    0.00187376   0.000440731   4.28329e-18   0.000147559   -2.20403e-5   3.16888e-18   0.000310468   0.000108773   8.74509e-19   -2.54132e-5   -3.05846e-5   -1.2006e-18   -5.40028e-5 │
│  18   2.29724e-16   1.97991e-16   2.91022e-17  -8.05226e-19   9.04825e-18    0.00956166   -2.8198e-16  -2.51636e-16    0.00943761   -2.7959e-16   -2.9037e-16     0.0125296  -1.95214e-16  -2.79129e-16   -9.7424e-19  -1.62931e-18  -1.20071e-18    5.40364e-5    2.2765e-19   1.26229e-18  -1.33531e-17  -8.27382e-18   0.000179037   6.60126e-18  -4.41361e-18  -1.09395e-19    1.1569e-18   3.12969e-19    1.52923e-5   4.48183e-18   -3.76627e-5  -3.46644e-16  -7.70536e-17  -3.98633e-17    0.00010517   4.93257e-18   8.16176e-18   0.000327141   -5.9574e-18  -8.28842e-18   -4.95428e-5   9.11295e-19  -2.90255e-19   -3.45135e-5   2.56919e-18   1.30651e-16   7.86613e-17   6.86783e-18    0.00010517   6.52494e-18  -8.27807e-18   0.000327141   6.28753e-18  -1.71996e-17    4.95428e-5  -4.15834e-18   6.32707e-19   -3.45135e-5  -3.36024e-18 │
│  19   0.000907034    0.00146879   -0.00146498    -0.0016724    0.00045953   -1.5795e-16  -3.04714e-16   -0.00605072  -1.68748e-16  -1.12423e-15   -0.00568068  -2.41114e-16  -1.09347e-15   -0.00545331   8.23639e-19  -3.40337e-18   -4.35949e-5    2.2765e-19    4.41217e-5  -2.78266e-18  -1.62843e-16  -0.000128447  -2.91008e-18    6.57948e-5   1.23375e-17  -2.18243e-18   -2.0262e-17   -3.50881e-6  -7.18897e-19    2.73751e-5    1.5088e-18   -0.00487211    -0.0015084  -0.000275859  -1.25316e-18   0.000152758    6.30145e-5  -3.60567e-18   0.000235169   -3.04951e-5  -9.78349e-19   -3.56531e-5    1.64972e-5  -7.07209e-19    4.47989e-5   -0.00487211    -0.0015084  -0.000275859   -3.4151e-18  -0.000152758    6.30145e-5  -4.67241e-18  -0.000235169   -3.04951e-5  -4.30441e-19    3.56531e-5    1.64972e-5   9.52809e-19    4.47989e-5 │
│  20   1.58804e-15   1.49368e-15  -1.28664e-16   -2.5861e-16  -2.33474e-16   2.23361e-16   -4.6736e-16   7.48664e-16   2.20463e-16  -4.19692e-16   6.88645e-16   2.92692e-16  -2.90777e-16   7.66168e-16  -1.83339e-31  -8.24038e-18    5.3011e-18   1.26229e-18  -2.78266e-18   1.51412e-30  -1.36031e-17   1.46669e-17   4.18232e-18  -2.38966e-18    1.7533e-18   9.19212e-31   1.11512e-19   7.44672e-19   3.57229e-19  -2.05681e-18  -8.79805e-19  -8.44576e-17  -4.92059e-18  -1.71668e-18   2.45679e-18   -1.4685e-18   1.00425e-17   7.64203e-18  -1.30219e-17   2.41887e-17  -1.15732e-18   -3.4392e-18  -4.20508e-18  -8.06238e-19  -1.57061e-18   6.75415e-16   2.73055e-16   7.15298e-17   2.45679e-18   1.58124e-17  -8.11772e-18   7.64203e-18   3.35466e-17  -3.34457e-18   1.15732e-18  -4.65964e-18   -1.2455e-18  -8.06238e-19  -5.63111e-18 │
│  21   8.74933e-15   5.68275e-15   5.71514e-15   2.34588e-15  -1.89822e-15  -9.14845e-16     0.0311131   2.18911e-14  -8.53893e-16     0.0279397   1.86454e-14   -1.2417e-15     0.0193576   1.87135e-14   6.87272e-20   0.000548578   1.57712e-16  -1.33531e-17  -1.62843e-16  -1.36031e-17   0.000905585   4.75822e-16  -1.93433e-17   6.00146e-17  -0.000116721  -5.11935e-18   -7.42357e-6   7.11172e-17  -1.38076e-17   4.52762e-17   9.92875e-18     0.0252931     0.0092527    0.00243808  -7.00251e-18   -0.00047745   -0.00060448   -1.0346e-17  -0.000683185  -0.000916473  -3.71492e-19   0.000269578    9.85124e-5  -2.60003e-18  -0.000135157    -0.0252931    -0.0092527   -0.00243808  -9.05963e-18   -0.00047745    0.00060448   -2.4361e-17  -0.000683185   0.000916473  -1.29141e-17   0.000269578   -9.85124e-5   3.12829e-18   0.000135157 │
│  22   0.000557319    0.00120883   -0.00178686   -0.00373728   -0.00649912  -5.66118e-16   8.38078e-16     0.0270491  -4.99601e-16   3.15199e-15     0.0252615  -5.69873e-16   3.38691e-15     0.0267193  -4.48232e-18   3.16274e-18   0.000191888  -8.27382e-18  -0.000128447   1.46669e-17   4.75822e-16   0.000554169  -9.33722e-18  -0.000159479  -3.55925e-17   1.11054e-17   6.85431e-17    2.71566e-5   1.09082e-18    -8.5779e-5  -7.48169e-19     0.0142496    0.00545458    0.00126925  -9.37044e-18  -0.000435742   -7.24029e-5  -2.91455e-17  -0.000900949    0.00030659   1.14757e-17    7.69605e-5   -8.75045e-5   8.22279e-18   -0.00015756     0.0142496    0.00545458    0.00126925   2.86312e-18   0.000435742   -7.24029e-5  -2.02393e-17   0.000900949    0.00030659  -2.45362e-18   -7.69605e-5   -8.75045e-5  -9.49901e-20   -0.00015756 │
│  23  -1.05195e-15  -9.35818e-16   -2.9946e-17    -1.557e-16  -2.00215e-16     0.0316804  -7.88213e-17    2.8012e-17     0.0312693  -1.58155e-16  -1.47051e-16     0.0415139  -1.14561e-16  -5.94604e-17  -3.22792e-18   9.68478e-18   2.08737e-18   0.000179037  -2.91008e-18   4.18232e-18  -1.93433e-17  -9.33722e-18   0.000593198   1.70017e-17  -1.78327e-17  -3.62454e-19   3.62902e-18   2.13947e-18    5.06675e-5   1.24587e-17  -0.000124787  -2.83946e-17   1.67842e-16  -2.36134e-17   0.000348458  -9.91812e-18    8.6635e-18    0.00108391  -6.62465e-17  -4.18636e-17  -0.000164148   1.30974e-17  -9.44368e-19  -0.000114353  -3.00719e-19   1.62145e-16   1.74963e-16  -2.85067e-18   0.000348458    2.1625e-17  -1.25658e-17    0.00108391    2.9772e-17  -2.09921e-17   0.000164148  -9.03168e-18  -3.30353e-18  -0.000114353  -1.25142e-17 │
│  24    0.00296667    0.00411395   -0.00326157   -0.00405944  -0.000244176   9.13535e-16   9.77155e-15   -0.00732862   8.85268e-16    7.5266e-15   -0.00691059   1.15776e-15   4.80535e-15   -0.00618442   8.35744e-19   1.74119e-16   -5.33245e-5   6.60126e-18    6.57948e-5  -2.38966e-18   6.00146e-17  -0.000159479   1.70017e-17   0.000104222  -2.02573e-17  -2.04394e-18  -3.03257e-17   -2.28267e-6   6.84314e-19    3.96654e-5  -2.21076e-18   -0.00726334   -0.00206005  -0.000328075   1.02637e-17   0.000229846   0.000114332   3.32873e-17   0.000311812   -6.34137e-6  -6.73349e-18   -5.83916e-5    1.74093e-5  -4.50732e-18    6.21223e-5   -0.00726334   -0.00206005  -0.000328075   8.53414e-18  -0.000229846   0.000114332   3.32739e-17  -0.000311812   -6.34137e-6   6.20849e-18    5.83916e-5    1.74093e-5  -3.27346e-18    6.21223e-5 │
│  25  -5.70486e-16  -3.45883e-16  -4.68144e-16  -2.47232e-17   1.30981e-16   -9.6761e-16   -0.00401016  -1.59524e-15  -9.61382e-16   -0.00360114  -1.25675e-15  -1.26243e-15     -0.002495  -1.29668e-15  -8.85823e-21   -7.07061e-5  -1.14935e-17  -4.41361e-18   1.23375e-17    1.7533e-18  -0.000116721  -3.55925e-17  -1.78327e-17  -2.02573e-17    1.50441e-5   6.59831e-19    9.56823e-7  -8.47105e-18   4.35387e-20  -1.12734e-17   2.99609e-18   -0.00326002   -0.00119258  -0.000314244  -1.10373e-17    6.15384e-5    7.79113e-5  -3.58064e-17    8.80556e-5   0.000118124   5.67241e-18   -3.47458e-5   -1.26972e-5   4.25339e-18    1.74204e-5    0.00326002    0.00119258   0.000314244  -1.07722e-17    6.15384e-5   -7.79113e-5      -3.4e-17    8.80556e-5  -0.000118124  -3.96003e-18   -3.47458e-5    1.26972e-5   3.51507e-18   -1.74204e-5 │
│  26   9.82753e-16   9.27489e-16  -8.74543e-17  -1.75375e-16  -1.68967e-16  -1.93572e-17  -1.75885e-16   5.62443e-16  -1.91061e-17  -1.57945e-16   5.18744e-16  -2.53657e-17   -1.0943e-16   5.72418e-16  -1.13653e-31  -3.10116e-18   3.98333e-18  -1.09395e-19  -2.18243e-18   9.19212e-31  -5.11935e-18   1.11054e-17  -3.62454e-19  -2.04394e-18   6.59831e-19    5.9197e-31   4.19661e-20   5.62339e-19  -3.09587e-20  -1.58154e-18   7.62469e-20   9.09869e-17   5.04619e-17   1.24775e-17  -2.12913e-19  -4.20893e-18   3.77784e-18  -6.62285e-19  -1.38265e-17   1.27798e-17   1.00297e-19  -8.75609e-19  -2.56594e-18   6.98713e-20  -2.03584e-18   3.76955e-16   1.55074e-16   4.00428e-17  -2.12913e-19   9.60705e-18  -3.05652e-18  -6.62285e-19   2.15507e-17   2.41804e-18  -1.00297e-19  -2.17228e-18  -1.45215e-18   6.98713e-20  -3.56395e-18 │
│  27   1.38308e-15   1.09381e-15   3.48216e-16   2.85212e-16  -5.02064e-16   1.92843e-16  -0.000255051   3.30968e-15   1.89939e-16  -0.000229037   3.10522e-15   2.53053e-16  -0.000158685   3.12248e-15  -5.63394e-22     -4.497e-6   2.37052e-17    1.1569e-18   -2.0262e-17   1.11512e-19   -7.42357e-6   6.85431e-17   3.62902e-18  -3.03257e-17    9.56823e-7   4.19661e-20    6.08551e-8   1.92804e-18   4.09615e-19  -1.42168e-17  -8.11447e-19  -0.000207341   -7.58494e-5   -1.99863e-5   2.09603e-18    3.91392e-6    4.95526e-6   6.42612e-18    5.60044e-6    7.51283e-6  -9.57293e-19   -2.20988e-6    -8.0756e-7  -6.47697e-19    1.10796e-6   0.000207341    7.58494e-5    1.99863e-5   2.11289e-18    3.91392e-6   -4.95526e-6   6.54101e-18    5.60044e-6   -7.51283e-6    1.0662e-18   -2.20988e-6     8.0756e-7  -6.94655e-19   -1.10796e-6 │
│  28    6.27603e-5   0.000248471  -0.000452288  -0.000670475  -0.000519921   1.03841e-16   2.03769e-15    0.00136547   1.05741e-16   1.88491e-15    0.00127043   1.45824e-16    1.3566e-15    0.00145001  -2.58013e-19   3.52283e-17    9.55441e-6   3.12969e-19   -3.50881e-6   7.44672e-19   7.11172e-17    2.71566e-5   2.13947e-18   -2.28267e-6  -8.47105e-18   5.62339e-19   1.92804e-18    1.88172e-6   2.94125e-19   -2.73718e-6    -5.384e-19   0.000395188   0.000219886    6.57003e-5   9.72037e-19   -1.13775e-5    5.33028e-6    2.9579e-18   -3.89743e-5    2.28382e-5  -9.81333e-20    3.84697e-7   -4.99609e-6  -8.27041e-20     -6.137e-6   0.000395188   0.000219886    6.57003e-5   1.63289e-18    1.13775e-5    5.33028e-6   3.50153e-18    3.89743e-5    2.28382e-5   5.61681e-19   -3.84697e-7   -4.99609e-6  -4.43771e-19     -6.137e-6 │
│  29  -5.00655e-16  -4.51956e-16  -4.21351e-18  -6.68619e-18  -3.24468e-17    0.00270595  -4.24353e-16    8.7795e-17    0.00267085  -3.88534e-16   6.97506e-17    0.00354587  -2.69616e-16   7.69839e-17   -2.7571e-19  -6.53617e-18   7.80598e-19    1.52923e-5  -7.18897e-19   3.57229e-19  -1.38076e-17   1.09082e-18    5.06675e-5   6.84314e-19   4.35387e-20  -3.09587e-20   4.09615e-19   2.94125e-19    4.32772e-6   7.83978e-19   -1.06586e-5   -2.8599e-16  -9.07711e-17  -3.06004e-17    2.97632e-5   3.77992e-18   8.26264e-18    9.25809e-5   5.35319e-19   9.52688e-18   -1.40206e-5   -2.0196e-18  -1.62632e-18   -9.76733e-6   1.17552e-18   4.09287e-16   1.58229e-16   3.66243e-17    2.97632e-5   1.00373e-17  -9.77813e-18    9.25809e-5   1.46896e-17  -1.32934e-17    1.40206e-5  -4.87004e-18   8.16773e-19   -9.76733e-6  -3.49604e-18 │
│  30   0.000262903   0.000552098  -0.000704566  -0.000740759    0.00046142   6.62172e-16   4.87071e-15   -0.00407556   6.45082e-16   3.84256e-15   -0.00382064   8.44324e-16   2.45582e-15   -0.00375296   5.85369e-19   8.73108e-17   -2.92649e-5   4.48183e-18    2.73751e-5  -2.05681e-18   4.52762e-17    -8.5779e-5   1.24587e-17    3.96654e-5  -1.12734e-17  -1.58154e-18  -1.42168e-17   -2.73718e-6   7.83978e-19    1.72038e-5  -2.06971e-18   -0.00302332  -0.000971801  -0.000186959   7.67862e-18    9.43916e-5    3.52364e-5   2.38955e-17   0.000153284   -2.63444e-5   -4.6741e-18    -2.1132e-5    1.15993e-5  -3.31297e-18    2.86848e-5   -0.00302332  -0.000971801  -0.000186959   6.05636e-18   -9.43916e-5    3.52364e-5   2.29377e-17  -0.000153284   -2.63444e-5    3.5053e-18     2.1132e-5    1.15993e-5  -2.05123e-18    2.86848e-5 │
│  31   3.59006e-16   3.33429e-16  -2.00894e-17  -3.62169e-19   5.30763e-17   -0.00666437     2.179e-16  -1.32348e-16   -0.00657791   2.14055e-16  -8.84544e-17   -0.00873298   1.49354e-16  -1.02301e-16   6.79034e-19   1.51229e-18  -1.34722e-18   -3.76627e-5    1.5088e-18  -8.79805e-19   9.92875e-18  -7.48169e-19  -0.000124787  -2.21076e-18   2.99609e-18   7.62469e-20  -8.11447e-19    -5.384e-19   -1.06586e-5  -2.06971e-18    2.62505e-5   6.94624e-17  -6.67759e-18   1.49148e-17   -7.33025e-5   2.14909e-18  -4.44557e-18  -0.000228013   1.43715e-17   2.17799e-18    3.45307e-5  -1.77256e-18   1.17417e-18    2.40555e-5   1.31376e-19  -2.97941e-16  -1.27916e-16  -2.10045e-17   -7.33025e-5  -1.07905e-17   7.84293e-18  -0.000228013  -1.55398e-17    9.6476e-18   -3.45307e-5   4.40592e-18   3.95591e-19    2.40555e-5   4.44974e-18 │
│  32      -0.12406     -0.182923      0.159567      0.182358    -0.0523595   1.49469e-15      0.868992      0.671212    4.2999e-15      0.780359      0.630268   4.58904e-15       0.54066      0.605695  -8.92728e-17     0.0153219    0.00483466  -3.46644e-16   -0.00487211  -8.44576e-17     0.0252931     0.0142496  -2.83946e-17   -0.00726334   -0.00326002   9.09869e-17  -0.000207341   0.000395188   -2.8599e-16   -0.00302332   6.94624e-17        1.2447      0.425379     0.0987192   5.25582e-17    -0.0302111    -0.0238156   4.32365e-16    -0.0451195    -0.0221594   4.69407e-17     0.0114673   0.000919385  -3.44649e-17   -0.00873528     -0.168182    -0.0914794    -0.0374726   2.25505e-16    0.00354066    0.00995084   1.47756e-16    0.00695662      0.029035  -2.77445e-16    0.00359133   -0.00458354  -4.41432e-17   -0.00118535 │
│  33    -0.0117924    -0.0175381     0.0143804    0.00639095     -0.046164   9.82426e-15      0.317894      0.262522   1.07656e-14       0.28547      0.245678   1.40303e-14      0.197784      0.250413  -3.97611e-17    0.00560503    0.00187376  -7.70536e-17    -0.0015084  -4.92059e-18     0.0092527    0.00545458   1.67842e-16   -0.00206005   -0.00119258   5.04619e-17   -7.58494e-5   0.000219886  -9.07711e-17  -0.000971801  -6.67759e-18      0.425379       0.15238      0.037092   1.12475e-16    -0.0100476   -0.00767516   4.62004e-16    -0.0162965   -0.00703625  -2.21369e-17     0.0038148   0.000209581  -3.74942e-17   -0.00307258    -0.0914794    -0.0366969    -0.0127296   2.00556e-16   0.000291039    0.00467724   3.89681e-16     0.0023358     0.0116916  -3.61785e-17    0.00169395   -0.00180349  -5.64866e-17  -0.000310671 │
│  34     0.0035289    0.00584527   -0.00649358    -0.0118336    -0.0162327  -1.10047e-15     0.0837649     0.0622461  -8.18412e-16     0.0752213     0.0580886  -1.15754e-15      0.052116     0.0621584  -1.03754e-17    0.00147692   0.000440731  -3.98633e-17  -0.000275859  -1.71668e-18    0.00243808    0.00126925  -2.36134e-17  -0.000328075  -0.000314244   1.24775e-17   -1.99863e-5    6.57003e-5  -3.06004e-17  -0.000186959   1.49148e-17     0.0987192      0.037092    0.00949477   -1.1554e-17    -0.0022169   -0.00173365  -4.08505e-18   -0.00386951   -0.00171302   1.18194e-17   0.000878884    5.98199e-5   2.66117e-18  -0.000714043    -0.0374726    -0.0127296   -0.00363319   1.21764e-17  -0.000353948     0.0015212  -1.96598e-17   0.000190874    0.00322177  -2.54299e-17   0.000572669  -0.000470625  -1.86191e-18    1.37183e-5 │
│  35  -5.22345e-16  -4.93007e-16   5.30714e-17   8.99469e-18  -4.10449e-17     0.0186098     1.035e-16  -1.77964e-16     0.0183683   4.16185e-17  -2.67824e-16     0.0243862   2.59058e-17  -2.42834e-16  -1.89615e-18   8.33032e-18  -1.30651e-19    0.00010517  -1.25316e-18   2.45679e-18  -7.00251e-18  -9.37044e-18   0.000348458   1.02637e-17  -1.10373e-17  -2.12913e-19   2.09603e-18   9.72037e-19    2.97632e-5   7.67862e-18   -7.33025e-5   5.25582e-17   1.12475e-16   -1.1554e-17   0.000204692  -6.61499e-18   1.33156e-18    0.00063671  -3.67519e-17  -3.23614e-17   -9.64245e-5   8.94678e-18   6.29066e-19   -6.71732e-5   3.93336e-20  -7.90739e-17   2.75589e-17   -2.2835e-17   0.000204692   8.89427e-18  -5.31815e-18    0.00063671   8.74731e-18  -1.12759e-17    9.64245e-5  -3.96259e-18  -1.70538e-18   -6.71732e-5  -5.83366e-18 │
│  36    0.00447741    0.00642653   -0.00537362   -0.00625738    0.00132148  -5.79001e-16    -0.0164037    -0.0204614  -6.42037e-16    -0.0147306    -0.0192239  -8.52201e-16    -0.0102059    -0.0183199   2.68725e-18  -0.000289226  -0.000147559   4.93257e-18   0.000152758   -1.4685e-18   -0.00047745  -0.000435742  -9.91812e-18   0.000229846    6.15384e-5  -4.20893e-18    3.91392e-6   -1.13775e-5   3.77992e-18    9.43916e-5   2.14909e-18    -0.0302111    -0.0100476    -0.0022169  -6.61499e-18   0.000781564    0.00054308  -2.46792e-17    0.00116319   0.000388883  -2.59347e-19  -0.000267411    3.02375e-6   1.19165e-18   0.000225176   -0.00354066  -0.000291039   0.000353948  -1.22266e-17  -0.000278114   -9.43182e-5  -2.00801e-17  -0.000442802  -0.000577498   3.42059e-18   -1.68465e-5   0.000106901   3.04487e-18    8.26579e-5 │
│  37     0.0048395    0.00690437   -0.00582146   -0.00774288   -0.00254064   3.68132e-16    -0.0207681   -0.00280495   3.23957e-16    -0.0186498   -0.00272528   5.04973e-16    -0.0129213   -0.00107948  -1.86474e-19  -0.000366177   -2.20403e-5   8.16176e-18    6.30145e-5   1.00425e-17   -0.00060448   -7.24029e-5    8.6635e-18   0.000114332    7.79113e-5   3.77784e-18    4.95526e-6    5.33028e-6   8.26264e-18    3.52364e-5  -4.44557e-18    -0.0238156   -0.00767516   -0.00173365   1.33156e-18    0.00054308   0.000562824  -1.38352e-18   0.000658025   0.000702974   1.11456e-18  -0.000248076   -6.67729e-5   2.69002e-18   0.000137697    0.00995084    0.00467724     0.0015212   3.93571e-18    9.43182e-5  -0.000244161   1.08432e-17   0.000254031  -0.000520522   9.82802e-18  -0.000111812    6.47417e-5  -1.84603e-18   -4.27387e-5 │
│  38   3.94687e-16    3.1455e-16    1.2596e-16  -8.99355e-17  -1.70579e-16     0.0578871   7.14847e-16  -5.18471e-16     0.0571361   4.82286e-16  -8.13016e-16     0.0758552   3.25034e-16  -7.04607e-16  -5.89813e-18   3.28397e-17  -1.46408e-19   0.000327141  -3.60567e-18   7.64203e-18   -1.0346e-17  -2.91455e-17    0.00108391   3.32873e-17  -3.58064e-17  -6.62285e-19   6.42612e-18    2.9579e-18    9.25809e-5   2.38955e-17  -0.000228013   4.32365e-16   4.62004e-16  -4.08505e-18    0.00063671  -2.46792e-17  -1.38352e-18    0.00198054   -1.2316e-16   -1.1067e-16  -0.000299936   3.00069e-17   2.80083e-18  -0.000208948  -1.13727e-18    -6.159e-16  -3.58235e-17  -1.00752e-16    0.00063671   1.97104e-17  -6.80099e-18    0.00198054   1.87949e-17  -2.19352e-17   0.000299936  -7.69462e-18  -6.94873e-18  -0.000208948  -1.59921e-17 │
│  39   -1.35782e-5   0.000329718  -0.000544404    0.00144879    0.00865504  -3.57269e-15    -0.0234721    -0.0435892  -3.65689e-15    -0.0210781    -0.0407571  -4.91707e-15    -0.0146036    -0.0420991   6.86102e-18  -0.000413855  -0.000310468   -5.9574e-18   0.000235169  -1.30219e-17  -0.000683185  -0.000900949  -6.62465e-17   0.000311812    8.80556e-5  -1.38265e-17    5.60044e-6   -3.89743e-5   5.35319e-19   0.000153284   1.43715e-17    -0.0451195    -0.0162965   -0.00386951  -3.67519e-17    0.00116319   0.000658025   -1.2316e-16    0.00202887   0.000267059   8.72923e-18  -0.000360761    6.11571e-5    7.3384e-18   0.000373178   -0.00695662    -0.0023358  -0.000190874  -5.42752e-17  -0.000442802  -0.000254031  -1.25762e-16  -0.000998067   -0.00111574  -1.27982e-17   -4.59844e-5   0.000209795   1.66483e-17   0.000169249 │
│  40    0.00423335    0.00651618   -0.00630137    -0.0092774   -0.00656582  -2.42252e-15    -0.0314872     0.0155986  -2.40665e-15    -0.0282756     0.0144772  -3.02102e-15    -0.0195903     0.0168913  -3.17861e-18  -0.000555174   0.000108773  -8.28842e-18   -3.04951e-5   2.41887e-17  -0.000916473    0.00030659  -4.18636e-17   -6.34137e-6   0.000118124   1.27798e-17    7.51283e-6    2.28382e-5   9.52688e-18   -2.63444e-5   2.17799e-18    -0.0221594   -0.00703625   -0.00171302  -3.23614e-17   0.000388883   0.000702974   -1.1067e-16   0.000267059    0.00121216    2.3055e-17  -0.000281035  -0.000158969   1.88191e-17    7.31585e-5      0.029035     0.0116916    0.00322177  -2.11902e-17   0.000577498  -0.000520522  -8.82197e-17    0.00111574   -0.00064282  -2.02201e-18  -0.000264603     4.0425e-5   7.07068e-18  -0.000200407 │
│  41   2.49886e-16   2.48512e-16  -5.66818e-17   -6.3633e-17  -6.83591e-17   -0.00876653  -1.74852e-16   4.29423e-16   -0.00865279   -1.3284e-16   4.48822e-16    -0.0114876  -9.06564e-17   4.58229e-16   8.93223e-19  -6.14747e-18   2.50989e-18   -4.95428e-5  -9.78349e-19  -1.15732e-18  -3.71492e-19   1.14757e-17  -0.000164148  -6.73349e-18   5.67241e-18   1.00297e-19  -9.57293e-19  -9.81333e-20   -1.40206e-5   -4.6741e-18    3.45307e-5   4.69407e-17  -2.21369e-17   1.18194e-17   -9.64245e-5  -2.59347e-19   1.11456e-18  -0.000299936   8.72923e-18    2.3055e-17    4.54228e-5  -4.40742e-18  -1.82726e-18    3.16434e-5  -1.44035e-18   3.13966e-16   9.28637e-17   3.68957e-17   -9.64245e-5   3.05568e-18  -6.52655e-19  -0.000299936   1.00006e-17   5.69365e-18   -4.54228e-5  -1.25586e-19   7.09401e-20    3.16434e-5   2.30716e-19 │
│  42   -0.00237608    -0.0030619    0.00208521    0.00267125    0.00040965   7.22589e-16    0.00926185    0.00346696   7.36228e-16    0.00831718    0.00328196   9.52391e-16    0.00576244    0.00277147  -3.10579e-19   0.000163303    2.54132e-5   9.11295e-19   -3.56531e-5   -3.4392e-18   0.000269578    7.69605e-5   1.30974e-17   -5.83916e-5   -3.47458e-5  -8.75609e-19   -2.20988e-6    3.84697e-7   -2.0196e-18    -2.1132e-5  -1.77256e-18     0.0114673     0.0038148   0.000878884   8.94678e-18  -0.000267411  -0.000248076   3.00069e-17  -0.000360761  -0.000281035  -4.40742e-18   0.000113558    2.20604e-5  -3.98658e-18   -7.25566e-5   -0.00359133   -0.00169395  -0.000572669   8.70831e-18   -1.68465e-5   0.000111812   2.52243e-17   -4.59844e-5   0.000264603   7.62529e-20    4.69396e-5   -3.65906e-5  -2.40983e-18    7.91169e-6 │
│  43   -0.00079691   -0.00104725   0.000777955    0.00127412    0.00130703  -3.15642e-17    0.00338458   -0.00433548  -3.49167e-17    0.00303937   -0.00403844  -7.41304e-17    0.00210578   -0.00442189   7.81048e-19    5.96761e-5   -3.05846e-5  -2.90255e-19    1.64972e-5  -4.20508e-18    9.85124e-5   -8.75045e-5  -9.44368e-19    1.74093e-5   -1.26972e-5  -2.56594e-18    -8.0756e-7   -4.99609e-6  -1.62632e-18    1.15993e-5   1.17417e-18   0.000919385   0.000209581    5.98199e-5   6.29066e-19    3.02375e-6   -6.67729e-5   2.80083e-18    6.11571e-5  -0.000158969  -1.82726e-18    2.20604e-5    2.56022e-5  -1.65191e-18    7.93164e-6   -0.00458354   -0.00180349  -0.000470625  -1.88652e-18  -0.000106901    6.47417e-5  -6.20498e-19  -0.000209795     4.0425e-5  -1.51448e-18    3.65906e-5    4.16921e-6   6.14349e-19    3.73374e-5 │
│  44   6.78513e-16   6.32447e-16  -4.39876e-17   -6.7305e-17  -5.76971e-17   -0.00610712  -2.02247e-16   3.18389e-16   -0.00602789  -1.64775e-16   3.27534e-16   -0.00800276  -1.13201e-16   3.40572e-16   6.22255e-19  -5.70083e-18   1.88988e-18   -3.45135e-5  -7.07209e-19  -8.06238e-19  -2.60003e-18   8.22279e-18  -0.000114353  -4.50732e-18   4.25339e-18   6.98713e-20  -6.47697e-19  -8.27041e-20   -9.76733e-6  -3.31297e-18    2.40555e-5  -3.44649e-17  -3.74942e-17   2.66117e-18   -6.71732e-5   1.19165e-18   2.69002e-18  -0.000208948    7.3384e-18   1.88191e-17    3.16434e-5  -3.98658e-18  -1.65191e-18    2.20441e-5  -6.33094e-19   2.82338e-16   9.04626e-17   3.27369e-17   -6.71732e-5   3.22513e-18  -1.66666e-18  -0.000208948   9.24209e-18   1.98566e-18   -3.16434e-5  -5.65198e-19   1.79831e-19    2.20441e-5  -1.67818e-19 │
│  45   0.000816066    0.00100702    -0.0005763  -0.000414582    0.00123976  -1.68512e-17   -0.00464359   -0.00755851  -4.06884e-17   -0.00416997   -0.00707848  -6.17566e-17    -0.0028891   -0.00716321   1.13213e-18   -8.18747e-5   -5.40028e-5   2.56919e-18    4.47989e-5  -1.57061e-18  -0.000135157   -0.00015756  -3.00719e-19    6.21223e-5    1.74204e-5  -2.03584e-18    1.10796e-6     -6.137e-6   1.17552e-18    2.86848e-5   1.31376e-19   -0.00873528   -0.00307258  -0.000714043   3.93336e-20   0.000225176   0.000137697  -1.13727e-18   0.000373178    7.31585e-5  -1.44035e-18   -7.25566e-5    7.93164e-6  -6.33094e-19    6.97983e-5   -0.00118535  -0.000310671    1.37183e-5  -2.58546e-18   -8.26579e-5   -4.27387e-5  -8.05623e-19  -0.000169249  -0.000200407   1.50419e-18   -7.91169e-6    3.73374e-5   4.98265e-19    2.94541e-5 │
