┌                                                                                                      ┐
│ Row             1             2             3             4             5            6             7 │
│   1       2.10661     -0.448125   5.89518e-17  -1.06108e-15      0.108575   -0.0271208    -0.0271208 │
│   2     -0.448125       1.97595  -7.63816e-16   1.17827e-15      -0.61531   -0.0385211    -0.0385211 │
│   3   5.89518e-17  -7.63816e-16           2.0   5.10575e-16   1.68429e-15  1.04353e-15  -3.19524e-16 │
│   4  -1.06108e-15   1.17827e-15   5.10575e-16      0.737591  -1.04474e-15     0.541667     -0.541667 │
│   5      0.108575      -0.61531   1.68429e-15  -1.04474e-15       1.22616     0.475859      0.475859 │
│   6    -0.0271208    -0.0385211   1.04353e-15      0.541667      0.475859     0.606759     -0.188811 │
│   7    -0.0271208    -0.0385211  -3.19524e-16     -0.541667      0.475859    -0.188811      0.606759 │
└                                                                                                      ┘
