┌                                                                                                      ┐
│ Row             1             2             3             4             5             6            7 │
│   1       2.10661     -0.448125  -1.53643e-16  -8.23013e-16      0.108575    -0.0271208   -0.0271208 │
│   2     -0.448125       1.97595   3.50287e-16  -2.67133e-16      -0.61531    -0.0385211   -0.0385211 │
│   3  -1.53643e-16   3.50287e-16           2.0   3.99109e-17  -8.37379e-16  -5.17111e-17  -4.2508e-16 │
│   4  -8.23013e-16  -2.67133e-16   3.99109e-17      0.737591  -1.32806e-15      0.541667    -0.541667 │
│   5      0.108575      -0.61531  -8.37379e-16  -1.32806e-15       1.22616      0.475859     0.475859 │
│   6    -0.0271208    -0.0385211  -5.17111e-17      0.541667      0.475859      0.606759    -0.188811 │
│   7    -0.0271208    -0.0385211   -4.2508e-16     -0.541667      0.475859     -0.188811     0.606759 │
└                                                                                                      ┘
