┌                                                                                                      ┐
│ Row            1             2             3             4             5             6             7 │
│   1      2.13407     -0.602485   5.25791e-14   -3.7198e-16    -0.0543605     0.0825561     0.0825561 │
│   2    -0.602485       2.69992  -2.20144e-13  -4.57571e-15       0.33312     -0.366536     -0.366536 │
│   3  5.25791e-14  -2.20144e-13           2.0  -1.05747e-16   5.07431e-13  -1.85592e-14  -1.85453e-14 │
│   4  -3.7198e-16  -4.57571e-15  -1.05747e-16       2.36051  -4.63044e-15     -0.360531      0.360531 │
│   5   -0.0543605       0.33312   5.07431e-13  -4.63044e-15       2.18525     -0.240549     -0.240549 │
│   6    0.0825561     -0.366536  -1.85592e-14     -0.360531     -0.240549      0.122623     0.0124915 │
│   7    0.0825561     -0.366536  -1.85453e-14      0.360531     -0.240549     0.0124915      0.122623 │
└                                                                                                      ┘
┌                                                                                                    ┐
│ Row            1             2             3            4            5             6             7 │
│   1      2.12478     -0.540971   1.81496e-15  7.90941e-16   -0.0146151     0.0270122     0.0270122 │
│   2    -0.540971       2.35968  -1.13135e-15  -8.9715e-15    0.0778357     -0.133866     -0.133866 │
│   3  1.81496e-15  -1.13135e-15           2.0  1.53169e-14  4.93113e-14  -1.34624e-14  -1.35643e-14 │
│   4  7.90941e-16   -8.9715e-15   1.53169e-14      1.99351  6.91899e-15    0.00526079   -0.00526079 │
│   5   -0.0146151     0.0778357   4.93113e-14  6.91899e-15      2.01616    -0.0187701    -0.0187701 │
│   6    0.0270122     -0.133866  -1.34624e-14   0.00526079   -0.0187701     0.0077172    0.00768944 │
│   7    0.0270122     -0.133866  -1.35643e-14  -0.00526079   -0.0187701    0.00768944     0.0077172 │
└                                                                                                    ┘
┌                                                                                                       ┐
│ Row             1             2             3             4             5             6             7 │
│   1       2.11371     -0.479076  -3.73562e-15  -2.34235e-16     0.0446878    -0.0167043    -0.0167043 │
│   2     -0.479076       2.06436   2.65938e-14  -4.11696e-15     -0.269499    0.00938041    0.00938041 │
│   3  -3.73562e-15   2.65938e-14           2.0   1.44123e-15    1.3405e-14  -2.80098e-14  -2.28912e-14 │
│   4  -2.34235e-16  -4.11696e-15   1.44123e-15       1.39381  -9.22652e-16      0.372029     -0.372029 │
│   5     0.0446878     -0.269499    1.3405e-14  -9.22652e-16        1.7036      0.247092      0.247092 │
│   6    -0.0167043    0.00938041  -2.80098e-14      0.372029      0.247092      0.136371    -0.0622294 │
│   7    -0.0167043    0.00938041  -2.28912e-14     -0.372029      0.247092    -0.0622294      0.136371 │
└                                                                                                       ┘
┌                                                                                                     ┐
│ Row             1             2             3             4            5             6            7 │
│   1       2.10808     -0.451857  -3.51916e-15   -9.6058e-16    0.0820724    -0.0305372   -0.0305372 │
│   2     -0.451857       1.95952    2.3834e-14  -5.27254e-16    -0.470469     0.0228934    0.0228934 │
│   3  -3.51916e-15    2.3834e-14           2.0   1.72299e-15  1.45199e-14  -2.27335e-14  -2.0469e-14 │
│   4   -9.6058e-16  -5.27254e-16   1.72299e-15       1.03766   6.9273e-16      0.494912    -0.494912 │
│   5     0.0820724     -0.470469   1.45199e-14    6.9273e-16      1.47046      0.379156     0.379156 │
│   6    -0.0305372     0.0228934  -2.27335e-14      0.494912     0.379156      0.345465     -0.12663 │
│   7    -0.0305372     0.0228934   -2.0469e-14     -0.494912     0.379156      -0.12663     0.345465 │
└                                                                                                     ┘
┌                                                                                                       ┐
│ Row             1             2             3             4             5             6             7 │
│   1       2.10615     -0.443288  -2.07987e-15  -9.51585e-16     0.0960196     -0.033619     -0.033619 │
│   2     -0.443288       1.93197   1.44061e-14  -7.71538e-16     -0.541304     0.0155216     0.0155216 │
│   3  -2.07987e-15   1.44061e-14           2.0   6.45587e-16   1.22414e-14  -1.40965e-14  -1.25089e-14 │
│   4  -9.51585e-16  -7.71538e-16   6.45587e-16      0.915924  -5.08318e-17      0.520731     -0.520731 │
│   5     0.0960196     -0.541304   1.22414e-14  -5.08318e-17       1.37764      0.419575      0.419575 │
│   6     -0.033619     0.0155216  -1.40965e-14      0.520731      0.419575      0.442968     -0.149134 │
│   7     -0.033619     0.0155216  -1.25089e-14     -0.520731      0.419575     -0.149134      0.442968 │
└                                                                                                       ┘
┌                                                                                                      ┐
│ Row             1             2             3             4            5             6             7 │
│   1       2.10551     -0.440573  -1.36338e-15  -1.04829e-15     0.100857    -0.0343609    -0.0343609 │
│   2     -0.440573       1.92401   9.49565e-15  -3.28883e-16    -0.565515     0.0111865     0.0111865 │
│   3  -1.36338e-15   9.49565e-15           2.0   -1.7951e-16  8.26529e-15  -9.34192e-15  -7.98601e-15 │
│   4  -1.04829e-15  -3.28883e-16   -1.7951e-16      0.876658  2.04946e-16      0.527142     -0.527142 │
│   5      0.100857     -0.565515   8.26529e-15   2.04946e-16      1.34427      0.432522      0.432522 │
│   6    -0.0343609     0.0111865  -9.34192e-15      0.527142     0.432522       0.47849     -0.155461 │
│   7    -0.0343609     0.0111865  -7.98601e-15     -0.527142     0.432522     -0.155461       0.47849 │
└                                                                                                      ┘
┌                                                                                                       ┐
│ Row             1             2             3             4             5             6             7 │
│   1       2.10531     -0.439729  -8.10678e-16  -1.13806e-15      0.102586    -0.0345132    -0.0345132 │
│   2     -0.439729        1.9218    5.8326e-15  -1.35841e-16     -0.574278    0.00911146    0.00911146 │
│   3  -8.10678e-16    5.8326e-15           2.0   1.13651e-15    5.8166e-15  -5.32723e-15  -5.34078e-15 │
│   4  -1.13806e-15  -1.35841e-16   1.13651e-15      0.863793  -6.33963e-16       0.52903      -0.52903 │
│   5      0.102586     -0.574278    5.8166e-15  -6.33963e-16       1.33166      0.437224      0.437224 │
│   6    -0.0345132    0.00911146  -5.32723e-15       0.52903      0.437224      0.491127     -0.156882 │
│   7    -0.0345132    0.00911146  -5.34078e-15      -0.52903      0.437224     -0.156882      0.491127 │
└                                                                                                       ┘
┌                                                                                                      ┐
│ Row             1            2             3             4             5             6             7 │
│   1       2.10525    -0.439499  -1.09242e-15  -1.03809e-15      0.103224    -0.0345078    -0.0345078 │
│   2     -0.439499      1.92139   6.69818e-15    8.5309e-17     -0.577618    0.00806286    0.00806286 │
│   3  -1.09242e-15  6.69818e-15           2.0   1.08776e-15  -3.49243e-16  -4.58836e-15  -4.87796e-15 │
│   4  -1.03809e-15   8.5309e-17   1.08776e-15      0.859667  -1.03749e-15      0.529613     -0.529613 │
│   5      0.103224    -0.577618  -3.49243e-16  -1.03749e-15       1.32655      0.439114      0.439114 │
│   6    -0.0345078   0.00806286  -4.58836e-15      0.529613      0.439114      0.495644     -0.156912 │
│   7    -0.0345078   0.00806286  -4.87796e-15     -0.529613      0.439114     -0.156912      0.495644 │
└                                                                                                      ┘
┌                                                                                                      ┐
│ Row             1             2             3             4            5             6             7 │
│   1       2.10523     -0.439464  -2.58101e-16  -7.65561e-16     0.103469    -0.0344683    -0.0344683 │
│   2     -0.439464        1.9215   2.17985e-15  -2.02001e-15    -0.578957    0.00748641    0.00748641 │
│   3  -2.58101e-16   2.17985e-15           2.0  -1.28361e-16  2.18445e-15  -2.52934e-15  -1.53378e-15 │
│   4  -7.65561e-16  -2.02001e-15  -1.28361e-16      0.858451  1.38139e-15      0.529783     -0.529783 │
│   5      0.103469     -0.578957   2.18445e-15   1.38139e-15      1.32432      0.439949      0.439949 │
│   6    -0.0344683    0.00748641  -2.52934e-15      0.529783     0.439949      0.497268      -0.15663 │
│   7    -0.0344683    0.00748641  -1.53378e-15     -0.529783     0.439949      -0.15663      0.497268 │
└                                                                                                      ┘
┌                                                                                                    ┐
│ Row             1            2             3             4             5            6            7 │
│   1       2.10568    -0.443443  -4.01678e-16  -1.25642e-15      0.110992   -0.0297872   -0.0297872 │
│   2     -0.443443      1.95454   2.51142e-15   4.42101e-16     -0.623117   -0.0295534   -0.0295534 │
│   3  -4.01678e-16  2.51142e-15           2.0  -1.60846e-16  -9.19583e-16  -1.5098e-15  -1.4367e-15 │
│   4  -1.25642e-15  4.42101e-16  -1.60846e-16      0.732263  -1.12735e-15     0.541953    -0.541953 │
│   5      0.110992    -0.623117  -9.19583e-16  -1.12735e-15       1.22847     0.474013     0.474013 │
│   6    -0.0297872   -0.0295534   -1.5098e-15      0.541953      0.474013     0.611405    -0.190801 │
│   7    -0.0297872   -0.0295534   -1.4367e-15     -0.541953      0.474013    -0.190801     0.611405 │
└                                                                                                    ┘
┌                                                                                                       ┐
│ Row             1             2             3             4             5             6             7 │
│   1       2.10639     -0.446932  -3.08652e-16  -7.18078e-16      0.108857    -0.0278805    -0.0278805 │
│   2     -0.446932       1.96979   1.82973e-15  -2.02701e-15     -0.615674    -0.0350759    -0.0350759 │
│   3  -3.08652e-16   1.82973e-15           2.0  -3.43608e-16  -2.53881e-15  -6.02119e-16  -9.13109e-16 │
│   4  -7.18078e-16  -2.02701e-15  -3.43608e-16      0.738082   2.31892e-16      0.541639     -0.541639 │
│   5      0.108857     -0.615674  -2.53881e-15   2.31892e-16       1.23006      0.474343      0.474343 │
│   6    -0.0278805    -0.0350759  -6.02119e-16      0.541639      0.474343      0.605282     -0.189679 │
│   7    -0.0278805    -0.0350759  -9.13109e-16     -0.541639      0.474343     -0.189679      0.605282 │
└                                                                                                       ┘
┌                                                                                                     ┐
│ Row             1             2             3             4             5            6            7 │
│   1       2.10653     -0.447721   2.44263e-17  -8.96798e-16      0.108663   -0.0273807   -0.0273807 │
│   2     -0.447721       1.97385  -1.34907e-16   -1.2604e-15     -0.615389   -0.0373275   -0.0373275 │
│   3   2.44263e-17  -1.34907e-16           2.0  -3.55688e-16  -6.81808e-16  7.05122e-16  6.70562e-16 │
│   4  -8.96798e-16   -1.2604e-15  -3.55688e-16      0.737189   4.37025e-16     0.541689    -0.541689 │
│   5      0.108663     -0.615389  -6.81808e-16   4.37025e-16       1.22757      0.47532      0.47532 │
│   6    -0.0273807    -0.0373275   7.05122e-16      0.541689       0.47532      0.60657    -0.189499 │
│   7    -0.0273807    -0.0373275   6.70562e-16     -0.541689       0.47532    -0.189499      0.60657 │
└                                                                                                     ┘
┌                                                                                                       ┐
│ Row             1             2             3             4             5             6             7 │
│   1       2.10658     -0.447984  -3.24561e-16  -8.41006e-16      0.108593    -0.0272149    -0.0272149 │
│   2     -0.447984       1.97519   1.88616e-15  -1.30244e-15     -0.615271    -0.0380607    -0.0380607 │
│   3  -3.24561e-16   1.88616e-15           2.0  -3.80735e-16  -3.26518e-15  -7.31171e-16  -7.66914e-16 │
│   4  -8.41006e-16  -1.30244e-15  -3.80735e-16      0.737371   1.06392e-15      0.541679     -0.541679 │
│   5      0.108593     -0.615271  -3.26518e-15   1.06392e-15       1.22679      0.475629      0.475629 │
│   6    -0.0272149    -0.0380607  -7.31171e-16      0.541679      0.475629      0.606682     -0.189161 │
│   7    -0.0272149    -0.0380607  -7.66914e-16     -0.541679      0.475629     -0.189161      0.606682 │
└                                                                                                       ┘
┌                                                                                                    ┐
│ Row             1             2             3             4            5            6            7 │
│   1        2.1066     -0.448072   5.73546e-16  -7.79878e-16     0.108579   -0.0271573   -0.0271573 │
│   2     -0.448072       1.97566  -2.90698e-15  -1.23899e-15    -0.615279   -0.0383362   -0.0383362 │
│   3   5.73546e-16  -2.90698e-15           2.0   8.41166e-16  2.18874e-15  3.00267e-15  9.87149e-16 │
│   4  -7.79878e-16  -1.23899e-15   8.41166e-16      0.737476  5.88346e-16     0.541673    -0.541673 │
│   5      0.108579     -0.615279   2.18874e-15   5.88346e-16      1.22643     0.475762     0.475762 │
│   6    -0.0271573    -0.0383362   3.00267e-15      0.541673     0.475762     0.606736    -0.188978 │
│   7    -0.0271573    -0.0383362   9.87149e-16     -0.541673     0.475762    -0.188978     0.606736 │
└                                                                                                    ┘
┌                                                                                                     ┐
│ Row             1             2             3             4             5            6            7 │
│   1        2.1066     -0.448104    4.9819e-17  -5.85498e-16      0.108576   -0.0271356   -0.0271356 │
│   2     -0.448104       1.97583  -7.76752e-18  -1.90072e-15     -0.615293   -0.0384443   -0.0384443 │
│   3    4.9819e-17  -7.76752e-18           2.0  -3.06295e-16  -3.16838e-16  1.72881e-16  1.50384e-16 │
│   4  -5.85498e-16  -1.90072e-15  -3.06295e-16      0.737537   8.14261e-16      0.54167     -0.54167 │
│   5      0.108576     -0.615293  -3.16838e-16   8.14261e-16       1.22628     0.475817     0.475817 │
│   6    -0.0271356    -0.0384443   1.72881e-16       0.54167      0.475817     0.606751    -0.188887 │
│   7    -0.0271356    -0.0384443   1.50384e-16      -0.54167      0.475817    -0.188887     0.606751 │
└                                                                                                     ┘
┌                                                                                                      ┐
│ Row             1             2             3             4             5            6             7 │
│   1       2.10661     -0.448116  -9.85949e-17  -6.86768e-16      0.108575    -0.027127     -0.027127 │
│   2     -0.448116        1.9759   6.31633e-16  -2.38482e-15     -0.615302   -0.0384885    -0.0384885 │
│   3  -9.85949e-17   6.31633e-16           2.0   1.54295e-16  -1.17231e-15  2.97086e-16  -1.97476e-16 │
│   4  -6.86768e-16  -2.38482e-15   1.54295e-16      0.737566   1.59131e-15     0.541668     -0.541668 │
│   5      0.108575     -0.615302  -1.17231e-15   1.59131e-15       1.22621     0.475841      0.475841 │
│   6     -0.027127    -0.0384885   2.97086e-16      0.541668      0.475841     0.606756     -0.188845 │
│   7     -0.027127    -0.0384885  -1.97476e-16     -0.541668      0.475841    -0.188845      0.606756 │
└                                                                                                      ┘
┌                                                                                                      ┐
│ Row             1             2             3             4             5            6             7 │
│   1       2.10661     -0.448121  -9.40689e-17  -8.93921e-16      0.108575   -0.0271235    -0.0271235 │
│   2     -0.448121       1.97593   7.01085e-16  -1.04104e-15     -0.615306   -0.0385071    -0.0385071 │
│   3  -9.40689e-17   7.01085e-16           2.0   5.76769e-16  -2.10564e-15  6.95682e-16  -9.79185e-16 │
│   4  -8.93921e-16  -1.04104e-15   5.76769e-16       0.73758     1.408e-15     0.541667     -0.541667 │
│   5      0.108575     -0.615306  -2.10564e-15     1.408e-15       1.22619     0.475851      0.475851 │
│   6    -0.0271235    -0.0385071   6.95682e-16      0.541667      0.475851     0.606758     -0.188826 │
│   7    -0.0271235    -0.0385071  -9.79185e-16     -0.541667      0.475851    -0.188826      0.606758 │
└                                                                                                      ┘
┌                                                                                                      ┐
│ Row             1             2             3             4             5            6             7 │
│   1       2.10661     -0.448124    4.6723e-18  -1.02494e-15      0.108575    -0.027122     -0.027122 │
│   2     -0.448124       1.97594   1.97749e-16  -1.87155e-16     -0.615308    -0.038515     -0.038515 │
│   3    4.6723e-18   1.97749e-16           2.0    6.3083e-16  -1.65897e-15  4.29501e-16  -2.03556e-16 │
│   4  -1.02494e-15  -1.87155e-16    6.3083e-16      0.737586   1.57007e-15     0.541667     -0.541667 │
│   5      0.108575     -0.615308  -1.65897e-15   1.57007e-15       1.22617     0.475856      0.475856 │
│   6     -0.027122     -0.038515   4.29501e-16      0.541667      0.475856     0.606759     -0.188818 │
│   7     -0.027122     -0.038515  -2.03556e-16     -0.541667      0.475856    -0.188818      0.606759 │
└                                                                                                      ┘
┌                                                                                                    ┐
│ Row             1             2             3             4            5            6            7 │
│   1       2.10661     -0.448124   2.81515e-16  -9.18487e-16     0.108575   -0.0271213   -0.0271213 │
│   2     -0.448124       1.97595  -1.42357e-15  -6.96589e-16    -0.615309   -0.0385184   -0.0385184 │
│   3   2.81515e-16  -1.42357e-15           2.0   1.30794e-15  5.89199e-16  2.19091e-15  3.70468e-16 │
│   4  -9.18487e-16  -6.96589e-16   1.30794e-15      0.737589  7.78991e-16     0.541667    -0.541667 │
│   5      0.108575     -0.615309   5.89199e-16   7.78991e-16      1.22617     0.475857     0.475857 │
│   6    -0.0271213    -0.0385184   2.19091e-15      0.541667     0.475857     0.606759    -0.188814 │
│   7    -0.0271213    -0.0385184   3.70468e-16     -0.541667     0.475857    -0.188814     0.606759 │
└                                                                                                    ┘
┌                                                                                                      ┐
│ Row             1            2             3             4             5             6             7 │
│   1       2.10661    -0.448125  -3.71991e-16  -1.14739e-15      0.108575     -0.027121     -0.027121 │
│   2     -0.448125      1.97595   2.31446e-15   2.20806e-16      -0.61531    -0.0385199    -0.0385199 │
│   3  -3.71991e-16  2.31446e-15           2.0    4.4225e-17  -3.18012e-15  -2.37426e-15  -2.24462e-16 │
│   4  -1.14739e-15  2.20806e-16    4.4225e-17       0.73759  -9.44157e-16      0.541667     -0.541667 │
│   5      0.108575     -0.61531  -3.18012e-15  -9.44157e-16       1.22617      0.475858      0.475858 │
│   6     -0.027121   -0.0385199  -2.37426e-15      0.541667      0.475858      0.606759     -0.188813 │
│   7     -0.027121   -0.0385199  -2.24462e-16     -0.541667      0.475858     -0.188813      0.606759 │
└                                                                                                      ┘
┌                                                                                                    ┐
│ Row             1             2             3             4             5            6           7 │
│   1       2.10661     -0.448125   2.32583e-16  -7.12673e-16      0.108575   -0.0271209  -0.0271209 │
│   2     -0.448125       1.97595  -1.03055e-15  -2.28602e-15      -0.61531   -0.0385206  -0.0385206 │
│   3   2.32583e-16  -1.03055e-15           2.0   2.37136e-16  -2.04858e-16  8.76553e-16  7.9037e-16 │
│   4  -7.12673e-16  -2.28602e-15   2.37136e-16       0.73759   1.31058e-15     0.541667   -0.541667 │
│   5      0.108575      -0.61531  -2.04858e-16   1.31058e-15       1.22616     0.475859    0.475859 │
│   6    -0.0271209    -0.0385206   8.76553e-16      0.541667      0.475859     0.606759   -0.188812 │
│   7    -0.0271209    -0.0385206    7.9037e-16     -0.541667      0.475859    -0.188812    0.606759 │
└                                                                                                    ┘
┌                                                                                                      ┐
│ Row             1            2             3             4             5             6             7 │
│   1       2.10661    -0.448125  -1.72783e-16  -1.08415e-15      0.108575    -0.0271209    -0.0271209 │
│   2     -0.448125      1.97595   1.28559e-15   4.67565e-17      -0.61531    -0.0385208    -0.0385208 │
│   3  -1.72783e-16  1.28559e-15           2.0   1.61615e-16  -2.27655e-15  -1.03837e-15  -4.87887e-16 │
│   4  -1.08415e-15  4.67565e-17   1.61615e-16      0.737591   -4.5365e-16      0.541667     -0.541667 │
│   5      0.108575     -0.61531  -2.27655e-15   -4.5365e-16       1.22616      0.475859      0.475859 │
│   6    -0.0271209   -0.0385208  -1.03837e-15      0.541667      0.475859      0.606759     -0.188812 │
│   7    -0.0271209   -0.0385208  -4.87887e-16     -0.541667      0.475859     -0.188812      0.606759 │
└                                                                                                      ┘
┌                                                                                                      ┐
│ Row             1             2             3             4             5             6            7 │
│   1       2.10661     -0.448125   5.11161e-17  -7.95149e-16      0.108575    -0.0271209   -0.0271209 │
│   2     -0.448125       1.97595  -2.23891e-17  -1.72363e-15      -0.61531     -0.038521    -0.038521 │
│   3   5.11161e-17  -2.23891e-17           2.0  -7.03321e-16  -1.15412e-15  -2.51115e-16  6.09271e-16 │
│   4  -7.95149e-16  -1.72363e-15  -7.03321e-16      0.737591   2.52114e-15      0.541667    -0.541667 │
│   5      0.108575      -0.61531  -1.15412e-15   2.52114e-15       1.22616      0.475859     0.475859 │
│   6    -0.0271209     -0.038521  -2.51115e-16      0.541667      0.475859      0.606759    -0.188811 │
│   7    -0.0271209     -0.038521   6.09271e-16     -0.541667      0.475859     -0.188811     0.606759 │
└                                                                                                      ┘
┌                                                                                                    ┐
│ Row             1             2             3             4            5            6            7 │
│   1       2.10661     -0.448125   2.69878e-16  -6.13408e-16     0.108575   -0.0271208   -0.0271208 │
│   2     -0.448125       1.97595  -1.22539e-15  -2.41788e-15     -0.61531    -0.038521    -0.038521 │
│   3   2.69878e-16  -1.22539e-15           2.0  -3.25499e-16  8.85088e-16  9.93346e-16  8.63365e-16 │
│   4  -6.13408e-16  -2.41788e-15  -3.25499e-16      0.737591  2.51948e-15     0.541667    -0.541667 │
│   5      0.108575      -0.61531   8.85088e-16   2.51948e-15      1.22616     0.475859     0.475859 │
│   6    -0.0271208     -0.038521   9.93346e-16      0.541667     0.475859     0.606759    -0.188811 │
│   7    -0.0271208     -0.038521   8.63365e-16     -0.541667     0.475859    -0.188811     0.606759 │
└                                                                                                    ┘
┌                                                                                                      ┐
│ Row             1             2             3             4             5            6             7 │
│   1       2.10661     -0.448125  -3.43075e-16  -6.84516e-16      0.108575   -0.0271208    -0.0271208 │
│   2     -0.448125       1.97595   2.13484e-15  -2.38292e-15      -0.61531    -0.038521     -0.038521 │
│   3  -3.43075e-16   2.13484e-15           2.0  -3.34755e-16  -2.76483e-15  -1.2484e-15  -1.04568e-15 │
│   4  -6.84516e-16  -2.38292e-15  -3.34755e-16      0.737591    1.7442e-15     0.541667     -0.541667 │
│   5      0.108575      -0.61531  -2.76483e-15    1.7442e-15       1.22616     0.475859      0.475859 │
│   6    -0.0271208     -0.038521   -1.2484e-15      0.541667      0.475859     0.606759     -0.188811 │
│   7    -0.0271208     -0.038521  -1.04568e-15     -0.541667      0.475859    -0.188811      0.606759 │
└                                                                                                      ┘
┌                                                                                                     ┐
│ Row             1             2             3             4             5            6            7 │
│   1       2.10661     -0.448125   4.17507e-16  -1.02127e-15      0.108575   -0.0271208   -0.0271208 │
│   2     -0.448125       1.97595  -2.10109e-15  -2.99194e-16      -0.61531   -0.0385211   -0.0385211 │
│   3   4.17507e-16  -2.10109e-15           2.0   4.45792e-16   1.31371e-15  1.79453e-15  1.39115e-15 │
│   4  -1.02127e-15  -2.99194e-16   4.45792e-16      0.737591  -7.64998e-16     0.541667    -0.541667 │
│   5      0.108575      -0.61531   1.31371e-15  -7.64998e-16       1.22616     0.475859     0.475859 │
│   6    -0.0271208    -0.0385211   1.79453e-15      0.541667      0.475859     0.606759    -0.188811 │
│   7    -0.0271208    -0.0385211   1.39115e-15     -0.541667      0.475859    -0.188811     0.606759 │
└                                                                                                     ┘
┌                                                                                                      ┐
│ Row             1             2             3             4             5             6            7 │
│   1       2.10661     -0.448125  -9.59249e-17  -9.21517e-16      0.108575    -0.0271208   -0.0271208 │
│   2     -0.448125       1.97595   7.44055e-16  -5.79967e-16      -0.61531    -0.0385211   -0.0385211 │
│   3  -9.59249e-17   7.44055e-16           2.0  -5.61464e-16  -1.32313e-15  -5.16791e-16  7.81124e-17 │
│   4  -9.21517e-16  -5.79967e-16  -5.61464e-16      0.737591   7.20055e-16      0.541667    -0.541667 │
│   5      0.108575      -0.61531  -1.32313e-15   7.20055e-16       1.22616      0.475859     0.475859 │
│   6    -0.0271208    -0.0385211  -5.16791e-16      0.541667      0.475859      0.606759    -0.188811 │
│   7    -0.0271208    -0.0385211   7.81124e-17     -0.541667      0.475859     -0.188811     0.606759 │
└                                                                                                      ┘
┌                                                                                                      ┐
│ Row             1             2             3             4             5             6            7 │
│   1       2.10661     -0.448125  -9.59249e-17  -9.21517e-16      0.108575    -0.0271208   -0.0271208 │
│   2     -0.448125       1.97595   7.44055e-16  -5.79967e-16      -0.61531    -0.0385211   -0.0385211 │
│   3  -9.59249e-17   7.44055e-16           2.0  -5.61464e-16  -1.32313e-15  -5.16791e-16  7.81124e-17 │
│   4  -9.21517e-16  -5.79967e-16  -5.61464e-16      0.737591   7.20055e-16      0.541667    -0.541667 │
│   5      0.108575      -0.61531  -1.32313e-15   7.20055e-16       1.22616      0.475859     0.475859 │
│   6    -0.0271208    -0.0385211  -5.16791e-16      0.541667      0.475859      0.606759    -0.188811 │
│   7    -0.0271208    -0.0385211   7.81124e-17     -0.541667      0.475859     -0.188811     0.606759 │
└                                                                                                      ┘
