Reading coordinates from XYZ-file h2o_strainedgeo.xyz 
Read 3 atoms
Creating fragment
[97;1m==================================================
[0m[34;1m                   JOTUNN
[0m[97;22ma simple quantum chemistry program in Julia
[0m[97;1m==================================================
[0m[33;1m
jHF module: a RHF/UHF program
[0m
[32;1mSYSTEM
[0m========================= =================
         Number of atoms                3
        Molecule formula              OHH
                  Charge                0
       Spin multiplicity                1
           No. electrons               10
  No. unpaired electrons                0
       Nuclear repulsion       4.88970309
========================= =================
Integrals provided via GaussianBasis.jl library
Creating basis set object

Calculating 1-electron integrals
Calculating 2-electron integrals (tei_type: sparse4c)
  0.228429 seconds (299.18 k allocations: 15.634 MiB, 99.52% compilation time)
Sparse integral calculation done.
Creating Jint object
  0.000006 seconds (2 allocations: 9.359 KiB)
  0.251757 seconds (304.35 k allocations: 15.914 MiB, 99.48% compilation time)
Choosing Fock algorithm.
Using Fock_loop_sparse
Providing guess for density matrix
Hcore guess used
[32;1mCALCULATION SETTINGS
[0m========================= =================
                 HF type              RHF
               Basis set           sto-3g
     No. basis functions                7
                   Guess            hcore
         2-electron type         sparse4c
          Fock algorithm      loop_sparse
     S lowest eigenvalue           0.7173
              Levelshift            false
    Levelshift parameter           0.1000
  Lshift-turnoff thresh.           0.0100
                 Damping            false
       Damping parameter           0.4000
    Damp-turnoff thresh.           0.0010
                    DIIS             true
           DIIS vec size                5
        DIIS start iter.           4.0000
========================= =================

Beginning SCF iterations

[33;1m==============================[0m
[33;1mSCF iteration 1[0m
[33;1m==============================[0m
  0.144644 seconds (146.94 k allocations: 6.735 MiB, 99.98% compilation time)
Current F:[-32.20322980093608 -7.4902659844901835 -1.041580875807702e-15 -3.566830348356118e-5 -0.005374993876212284 -0.25338491065324864 -0.2533849101720002; -7.4902659844901835 -8.831757388980241 2.1242629262220944e-15 -0.00045017658625388576 -0.06783884172629644 -0.7396977045140085 -0.7396977032393705; -1.041580875807702e-15 2.1242629262220944e-15 -7.023600998582463 6.22310509428167e-20 9.377836591939173e-18 -5.93683730670951e-17 -5.936837297031023e-17; -3.566830348356118e-5 -0.00045017658625388576 6.22310509428167e-20 -7.051883362809759 7.516163442389387e-5 -0.5099627703350563 0.5046695084459709; -0.005374993876212284 -0.06783884172629644 9.377836591939173e-18 7.516163442389387e-5 -7.040557462390238 -0.3954644412843577 -0.4021975104288931; -0.25338491065324864 -0.7396977045140085 -5.93683730670951e-17 -0.5099627703350563 -0.3954644412843577 -3.0019610436997066 -0.1131344988761009; -0.2533849101720002 -0.7396977032393705 -5.936837297031023e-17 0.5046695084459709 -0.4021975104288931 -0.1131344988761009 -3.001961042610207]
Current F′:[-31.88405793270293 -2.791924444332524 4.3223066294261857e-16 1.2766329649442498e-5 0.0019238074629541213 -0.010027131405486249 -0.01002713136141674; -2.791924444332523 -7.837754426998737 -3.281339808058387e-16 -0.0005122748903639642 -0.07719667239642292 -0.10325773822247596 -0.1032577380604542; 4.3223066294261876e-16 -3.2813398080583916e-16 -7.0236009987225945 -8.714008939383888e-17 -1.3821225783394423e-15 -1.1197713720347046e-16 1.3072004075064774e-16; 1.2766329649442513e-5 -0.0005122748903639611 -8.71400893938389e-17 -7.06499612300951 0.00011214852865780576 -0.030907518280176207 0.030560556832326533; 0.0019238074629541254 -0.0771966723964229 -1.3821225783394423e-15 0.00011214852865780025 -7.0480967680793345 -0.025938526910831667 -0.026346427202240747; -0.010027131405486295 -0.103257738222476 -1.119771372034704e-16 -0.030907518280176058 -0.025938526910831722 -2.953706153115545 -0.01589136942415839; -0.010027131361416728 -0.10325773806045423 1.3072004075064774e-16 0.030560556832326533 -0.026346427202240712 -0.0158913694241584 -2.9537061521701435]
FP_comm: [0.0 0.0 0.0 0.0 0.0 0.0 0.0; 0.0 0.0 0.0 0.0 0.0 0.0 0.0; 0.0 0.0 0.0 0.0 0.0 0.0 0.0; 0.0 0.0 0.0 0.0 0.0 0.0 0.0; 0.0 0.0 0.0 0.0 0.0 0.0 0.0; 0.0 0.0 0.0 0.0 0.0 0.0 0.0; 0.0 0.0 0.0 0.0 0.0 0.0 0.0]
DIIS method on. Iteration: 1  (DIIS startiter: 4
Max diis_err: 0.0
RMS diis_err: 0.0
DIIS has not yet reached diis_startiter=4
Not enough matrices (0) to do DIIS extrapolation
Damping: false
Levelshift: false
DIIS: true
Current energy: 4.889703091192482
Energy change:[31m4.889703091192482 [0m (threshold: 1.0e-8)
RMS-DP: [31m0.6678276654017706 [0m (threshold: 5.0e-9)
Max-DP: [31m0.5074945433929157 [0m (threshold: 1.0e-7)
Max[F,P]: 0.0
RMS[F,P]: 0.0

[33;1m==============================[0m
[33;1mSCF iteration 2[0m
[33;1m==============================[0m
  0.000011 seconds (2 allocations: 896 bytes)
Current F:[-18.631237027378347 -4.82305503367864 1.0243952681659667e-15 -3.2723357459169176e-5 -0.004931208720414553 -0.16578969445177383 -0.1657896941375308; -4.82305503367864 -1.4971497207494204 -2.948210121879793e-15 -0.00045283709055540984 -0.06823976330104813 -0.13791772866771068 -0.1379177284434785; 1.0243952681659667e-15 -2.948210121879793e-15 0.5544942736966547 -5.0148806347747264e-15 8.05988050258121e-14 2.19678597346996e-15 2.7853007139684906e-15; -3.2723357459169176e-5 -0.00045283709055540984 -5.0148806347747264e-15 0.5252155514009704 7.793111550444944e-5 -0.05774989381010087 0.05708015926131066; -0.004931208720414553 -0.06823976330104813 8.05988050258121e-14 7.793111550444944e-5 0.5369587773730622 -0.05008143224728834 -0.050843441013698254; -0.16578969445177383 -0.13791772866771068 2.19678597346996e-15 -0.05774989381010087 -0.05008143224728834 -0.08815280821659988 -0.017712246885993738; -0.1657896941375308 -0.1379177284434785 2.7853007139684906e-15 0.05708015926131066 -0.050843441013698254 -0.017712246885993738 -0.08815280840783934]
Current F′:[-18.268186062841963 -2.5925865047134655 1.8482035338520264e-15 -1.0400823899474976e-5 -0.0015673393068781174 0.004707132174055923 0.0047071321856464255; -2.592586504713466 -0.6198943502205746 -2.8061001075715134e-15 -0.0003712243962368551 -0.05594123516021998 -0.0766141188124631 -0.07661411867949387; 1.8482035338520264e-15 -2.806100107571514e-15 0.5544942737077179 -5.019488307309332e-15 8.082530651656933e-14 -3.6359966171499366e-16 -3.187266408507072e-16; -1.0400823899475977e-5 -0.0003712243962368548 -5.019488307309331e-15 0.5436257827550466 2.7564636786918953e-5 -0.08209014913092566 0.08124125822155855; -0.0015673393068781163 -0.055941235160219975 8.082530651656934e-14 2.7564636786918662e-5 0.5477794207284459 -0.06341938411444319 -0.06450324639928767; 0.004707132174055921 -0.07661411881246309 -3.6359966171499376e-16 -0.08209014913092566 -0.06341938411444319 -0.0668108296130315 -0.007543365919021625; 0.004707132185646456 -0.07661411867949385 -3.187266408507068e-16 0.08124125822155856 -0.06450324639928767 -0.007543365919021627 -0.06681082987368821]
FP_comm: [-1.4210854715202004e-14 -0.0028822138374504647 -2.0043430874446028e-14 -1.6745216630607526e-5 -0.002523400597560045 -0.04234736599085309 -0.04234736592651461; 0.0028822138374451356 0.0 -2.0849546220752687e-14 -8.906572771891262e-6 -0.0013421654653552328 0.12837839430942985 0.12837839411255547; 2.0043430874446053e-14 2.0849546220752697e-14 2.220446049250313e-16 3.8784624401255033e-16 -5.678328684219389e-16 -9.460754925429152e-15 -1.2595773788718795e-14; 1.6745216630610372e-5 8.906572771890178e-6 -3.878462440125509e-16 -4.440892098500626e-16 -5.029207437870845e-13 0.16938568154554418 -0.16763224223547551; 0.002523400597560047 0.0013421654653551496 5.678328684219168e-16 5.029200661607267e-13 0.0 0.1309980313166699 0.1332344720899539; 0.04234736599085298 -0.12837839430942993 9.460754925429153e-15 -0.16938568154554418 -0.1309980313166699 -1.0408340855860843e-17 1.225228252188515e-12; 0.04234736592651439 -0.12837839411255553 1.25957737887188e-14 0.1676322422354755 -0.1332344720899539 -1.2252317216354669e-12 -3.469446951953614e-18]
DIIS method on. Iteration: 2  (DIIS startiter: 4
Max diis_err: 0.16938568154554418
RMS diis_err: 0.07235656775802572
DIIS has not yet reached diis_startiter=4
Not enough matrices (0) to do DIIS extrapolation
Damping: false
Levelshift: false
DIIS: true
Current energy: -73.22689544286311
Energy change:[31m-78.1165985340556 [0m (threshold: 1.0e-8)
RMS-DP: [31m0.5730158702836339 [0m (threshold: 5.0e-9)
Max-DP: [31m1.9985877212527836 [0m (threshold: 1.0e-7)
Max[F,P]: 0.16938568154554418
RMS[F,P]: 0.07235656775802572

[33;1m==============================[0m
[33;1mSCF iteration 3[0m
[33;1m==============================[0m
  0.000008 seconds (2 allocations: 896 bytes)
Current F:[-21.839689589438542 -5.489552891938574 5.362548413925333e-14 7.43281321429496e-5 0.0112007934388044 -0.1869134120956023 -0.1869134117404715; -5.489552891938574 -3.2181425510220976 -1.6271271002538173e-13 0.00027430219977792394 0.041335655517900874 -0.25529706658023804 -0.2552970661474551; 5.362548413925333e-14 -1.6271271002538173e-13 -1.3272495184844386 -2.77496430747952e-13 6.263830863884052e-12 -5.069114004734544e-14 -5.779115699384428e-14; 7.43281321429496e-5 0.00027430219977792394 -2.77496430747952e-13 -0.6946313602096588 2.8004804091070947e-5 -0.14442666322245618 0.1430149588724205; 0.0112007934388044 0.041335655517900874 6.263830863884052e-12 2.8004804091070947e-5 -0.6904113887160097 -0.1054138448241278 -0.10732129874676688; -0.1869134120956023 -0.25529706658023804 -5.069114004734544e-14 -0.14442666322245618 -0.1054138448241278 -0.11138739625049343 -0.03170572301870231; -0.1869134117404715 -0.2552970661474551 -5.779115699384428e-14 0.1430149588724205 -0.10732129874676688 -0.03170572301870231 -0.11138739590514701]
Current F′:[-21.477735007821448 -2.6796951118510246 6.980181198712591e-14 1.2229277843009382e-5 0.0018428788944928707 0.004164855646219755 0.004164855662327861; -2.6796951118510233 -2.3032349075273153 -1.2824623121715224e-13 0.00034620146513759817 0.052170429609636686 -0.10157219687165621 -0.10157219670560534; 6.980181198712591e-14 -1.2824623121715227e-13 -1.3272495185109192 -2.799114317753181e-13 6.292203404506684e-12 -2.568290865186268e-13 -2.9533227593917833e-13; 1.2229277843008057e-5 0.00034620146513759774 -2.799114317753181e-13 -0.676416439799421 -2.3885187587608237e-5 -0.11055359776173633 0.10948746626428243; 0.001842878894492875 0.052170429609636686 6.292203404506683e-12 -2.388518758760796e-5 -0.6800156304120598 -0.07959962982185748 -0.0810598156792047; 0.004164855646219672 -0.10157219687165617 -2.568290865186268e-13 -0.11055359776173636 -0.07959962982185749 -0.07370613567749808 -0.016226291429269783; 0.004164855662327831 -0.10157219670560526 -2.9533227593917833e-13 0.10948746626428248 -0.08105981567920471 -0.016226291429269787 -0.07370613544877537]
FP_comm: [1.4210854715202004e-14 0.0014324275536825581 -2.0528438403433272e-13 -0.00013571106612045268 -0.020450822731049197 0.0010847280609441179 0.0010847280558720085; -0.0014324275536807818 0.0 -2.278023033145826e-12 -0.0015151074032933875 -0.22831738161535062 0.02895849379883525 0.02895849374353615; 2.0528438403433242e-13 2.2780230331458256e-12 -4.440892098500626e-16 -2.5303598461004582e-14 2.412856769676983e-13 -2.2441211012577452e-12 -2.618235171843863e-12; 0.00013571106612046205 0.0015151074032933704 2.5303598461004784e-14 2.7755575615628914e-17 5.76206112988184e-12 -0.3557416289118363 0.3525491343547712; 0.02045082273104923 0.22831738161535062 -2.4128567696769506e-13 -5.76206980349922e-12 1.3877787807814457e-17 -0.23819452959431103 -0.24289472580963853; -0.0010847280609438958 -0.028958493798834972 2.2441211012577452e-12 0.35574162891183636 0.23819452959431103 5.551115123125783e-17 -9.240969101043106e-12; -0.0010847280558720085 -0.02895849374353604 2.6182351718438625e-12 -0.3525491343547712 0.24289472580963856 9.240989917724818e-12 0.0]
DIIS method on. Iteration: 3  (DIIS startiter: 4
Max diis_err: 0.35574162891183636
RMS diis_err: 0.13105668677511859
DIIS has not yet reached diis_startiter=4
Not enough matrices (0) to do DIIS extrapolation
Damping: false
Levelshift: false
DIIS: true
Current energy: -73.36237270299814
Energy change:[31m-0.13547726013503336 [0m (threshold: 1.0e-8)
RMS-DP: [31m0.5456216864471011 [0m (threshold: 5.0e-9)
Max-DP: [31m1.914362756684606 [0m (threshold: 1.0e-7)
Max[F,P]: 0.35574162891183636
RMS[F,P]: 0.13105668677511859

[33;1m==============================[0m
[33;1mSCF iteration 4[0m
[33;1m==============================[0m
  0.000005 seconds (2 allocations: 896 bytes)
Current F:[-18.80917631200822 -4.859482822350994 -1.518504020856849e-14 -4.172894563921563e-5 -0.006288295184770899 -0.16738646494006848 -0.16738646462245638; -4.859482822350994 -1.5843177956880004 -6.959034516381794e-15 -0.00040920299754073144 -0.061664375786512335 -0.16217436649632322 -0.16217436622618486; -1.518504020856849e-14 -6.959034516381794e-15 0.4604506777309707 -9.040083345858876e-15 1.289899718622182e-13 -2.1760255887629654e-13 -2.460323775623762e-13; -4.172894563921563e-5 -0.00040920299754073144 -9.040083345858876e-15 0.46042742214675236 8.855587557639365e-6 -0.106051264736652 0.10486339707540898; -0.006288295184770899 -0.061664375786512335 1.289899718622182e-13 8.855587557639365e-6 0.46176184252511465 -0.0888023574372167 -0.09020198075632946; -0.16738646494006848 -0.16217436649632322 -2.1760255887629654e-13 -0.106051264736652 -0.0888023574372167 -0.10204505537505915 -0.01841057972715486; -0.16738646462245638 -0.16217436622618486 -2.460323775623762e-13 0.10486339707540898 -0.09020198075632946 -0.01841057972715486 -0.10204505555788845]
Current F′:[-18.446145592806307 -2.5983570617681013 -1.725705637374902e-14 -2.8801644334667375e-5 -0.004340229079838182 0.006540584326914067 0.0065405843345372385; -2.598357061768101 -0.7003350707511125 2.2646663862642572e-14 -0.00028938257172675787 -0.04360817915756991 -0.09658347915513259 -0.0965834789785229; -1.7257056373749013e-14 2.2646663862642575e-14 0.46045067774015747 -1.0384164161505305e-14 1.4673045526070394e-13 -2.2164244514136027e-13 -2.5161900971949803e-13; -2.880164433466819e-5 -0.0002893825717267559 -1.03841641615053e-14 0.4873518311204113 -6.317110415738467e-5 -0.1280510836426624 0.12671576730849776; -0.004340229079838177 -0.043608179157569905 1.4673045526070394e-13 -6.317110415738391e-5 0.4778327443097302 -0.09976665797177453 -0.1014572830830839; 0.0065405843269140925 -0.09658347915513263 -2.2164244514136027e-13 -0.12805108364266243 -0.09976665797177453 -0.07098665625837539 -0.00729462747007159; 0.006540584334537234 -0.09658347897852287 -2.51619009719498e-13 0.1267157673084978 -0.1014572830830839 -0.007294627470071591 -0.07098665654491657]
FP_comm: [7.105427357601002e-15 -0.0003342299575841423 3.726828460835107e-14 2.4812642192432606e-5 0.003739111574064981 -0.022602936975427868 -0.02260293694229326; 0.00033422995758591867 4.440892098500626e-16 -2.334315385900858e-13 -0.00017468610536717014 -0.026324115782671464 0.1303829053534614 0.13038290519444223; -3.726828460835115e-14 2.334315385900859e-13 0.0 -2.3277187200686238e-14 3.02217498505719e-13 1.2733939602062738e-12 1.4393122544254467e-12; -2.481264219244412e-5 0.00017468610536716385 2.3277187200686216e-14 -1.1102230246251565e-16 3.5359520216340923e-12 0.395981160098249 -0.3917129929334118; -0.0037391115740650106 0.026324115782671464 -3.0221749850571884e-13 -3.53595408161822e-12 -1.1102230246251565e-16 0.31897969581946306 0.32420681052457; 0.02260293697542798 -0.13038290535346142 -1.2733939602062738e-12 -0.39598116009824913 -0.3189796958194631 0.0 -3.327584735535183e-12; 0.022602936942293372 -0.13038290519444212 -1.439312254425447e-12 0.3917129929334118 -0.32420681052457 3.327581266088231e-12 1.3877787807814457e-17]
DIIS method on. Iteration: 4  (DIIS startiter: 4
Max diis_err: 0.395981160098249
RMS diis_err: 0.1502143397435611
DIIS is active
length(diis_error_matrices):1
length(Fockmatrices):1
length(energies):1
Not enough matrices (1) to do DIIS extrapolation
Damping: false
Levelshift: false
DIIS: true
Current energy: -73.55344265940315
Energy change:[31m-0.19106995640500202 [0m (threshold: 1.0e-8)
RMS-DP: [31m0.5201226186871102 [0m (threshold: 5.0e-9)
Max-DP: [31m1.842274786228553 [0m (threshold: 1.0e-7)
Max[F,P]: 0.395981160098249
RMS[F,P]: 0.1502143397435611

[33;1m==============================[0m
[33;1mSCF iteration 5[0m
[33;1m==============================[0m
  0.000005 seconds (2 allocations: 896 bytes)
Current F:[-21.71443969478296 -5.46303194803143 3.0735435494686505e-16 3.8075240524536313e-5 0.005737706834776425 -0.1864961279550801 -0.186496127600626; -5.46303194803143 -3.1486264029295414 -4.09284075423337e-14 0.00029183130757927736 0.04397718438854224 -0.25575072646435876 -0.25575072601882565; 3.0735435494686505e-16 -4.09284075423337e-14 -1.2490709804691686 -1.113304817915644e-13 2.6450521134649627e-12 -1.0125117737472295e-13 -1.1310703277714959e-13; 3.8075240524536313e-5 0.00029183130757927736 -1.113304817915644e-13 -0.652561930383996 9.991062068879846e-5 -0.16265864883503578 0.16100563624091413; 0.005737706834776425 0.04397718438854224 2.6450521134649627e-12 9.991062068879846e-5 -0.6375066630931254 -0.12347549033173993 -0.12562331674299132; -0.1864961279550801 -0.25575072646435876 -1.0125117737472295e-13 -0.16265864883503578 -0.12347549033173993 -0.11958823905647176 -0.03277698906785256; -0.186496127600626 -0.25575072601882565 -1.1310703277714959e-13 0.16100563624091413 -0.12562331674299132 -0.03277698906785256 -0.11958823863560442]
Current F′:[-21.352519174676587 -2.6761854947524513 2.5515796919370255e-15 -2.9129958211822753e-5 -0.0043897023128070065 0.004557642670243512 0.0045576426836123505; -2.6761854947524517 -2.2339069259143662 -1.3166812298131418e-14 0.00038820934223644316 0.05850075757249422 -0.10580383518492266 -0.10580383500205594; 2.5515796919370247e-15 -1.3166812298131416e-14 -1.2490709804940896 -1.1270904469787899e-13 2.6633746038972486e-12 -1.9038216778045658e-13 -2.1508335790631308e-13; -2.9129958211822793e-5 0.0003882093422364381 -1.1270904469787902e-13 -0.6302099796054411 4.1512970911299815e-5 -0.1310986269017576 0.1297647669400877; -0.0043897023128070065 0.05850075757249421 2.663374603897248e-12 4.151297091129919e-5 -0.6239544962391377 -0.0996366964259416 -0.10136777802768322; 0.004557642670243588 -0.10580383518492265 -1.9038216778045653e-13 -0.1310986269017576 -0.09963669642594163 -0.07843743919778758 -0.01736684778819041; 0.0045576426836123635 -0.10580383500205597 -2.1508335790631303e-13 0.12976476694008768 -0.1013677780276832 -0.017366847788190407 -0.07843743890605569]
FP_comm: [7.105427357601002e-15 0.0007172891323392605 -1.0027296077518357e-13 -0.0001508171466769009 -0.022727216264030868 0.003160225753584156 0.0031602257414982127; -0.0007172891323392605 -1.7763568394002505e-15 -7.203876993659716e-13 -0.0010876941252750563 -0.16390884413864507 0.033374455325712704 0.033374455361794175; 1.002729607751838e-13 7.203876993659719e-13 -4.440892098500626e-16 -1.2205550079802443e-14 1.5330669143123603e-13 -1.4062295215377696e-12 -1.6037163318698657e-12; 0.00015081714667691885 0.0010876941252750817 1.2205550079802493e-14 0.0 1.3136879713389338e-11 -0.4312117558800883 0.4267614428201481; 0.022727216264030868 0.16390884413864507 -1.5330669143123764e-13 -1.3136900746911484e-11 0.0 -0.3324706409074236 -0.33816412533361534; -0.0031602257535838785 -0.03337445532571259 1.406229521537769e-12 0.4312117558800883 0.3324706409074236 0.0 -1.6782852885199873e-11; -0.0031602257414984347 -0.03337445536179434 1.6037163318698653e-12 -0.4267614428201481 0.33816412533361534 1.678284594630597e-11 0.0]
DIIS method on. Iteration: 5  (DIIS startiter: 4
Max diis_err: 0.4312117558800883
RMS diis_err: 0.15941124440939244
DIIS is active
length(diis_error_matrices):2
length(Fockmatrices):2
length(energies):2
DIIS error matrix size: 2
B: [0.0 0.0 0.0; 0.0 0.0 0.0; 0.0 0.0 0.0]
B: [0.0 0.0 -1.0; 0.0 0.0 -1.0; -1.0 -1.0 0.0]

Final B: [1.1056530453651057 -1.0816329026826987 -1.0; -1.0816329026826987 1.2451852973634014 -1.0; -1.0 -1.0 0.0]
Z: [0.0, 0.0, -1.0]
coeffs: [0.5154551431934964, 0.48454485680650344, 0.045814888873405055]
coeffs mod: [0.5154551431934964, 0.48454485680650344]

Damping: false
Levelshift: false
DIIS: true
Current energy: -73.58967813341198
Energy change:[31m-0.036235474008833535 [0m (threshold: 1.0e-8)
RMS-DP: [31m0.29048350576709675 [0m (threshold: 5.0e-9)
Max-DP: [31m0.9128005126468239 [0m (threshold: 1.0e-7)
Max[F,P]: 0.4312117558800883
RMS[F,P]: 0.15941124440939244

[33;1m==============================[0m
[33;1mSCF iteration 6[0m
[33;1m==============================[0m
  0.000008 seconds (2 allocations: 896 bytes)
Current F:[-20.394432439067383 -5.188013341616479 -3.572012907317872e-14 -5.252045628033981e-5 -0.007914509045519783 -0.17882487083346404 -0.1788248704965511; -5.188013341616479 -2.4262635340620458 8.101143887767725e-15 3.6551304227906006e-5 0.005508058674465202 -0.2303104347900482 -0.23031043442616206; -3.572012907317872e-14 8.101143887767725e-15 -0.45878315185958574 -4.946390050471188e-14 1.2153629267458873e-12 -3.0825261406067966e-13 -3.3791485230641163e-13; -5.252045628033981e-5 3.6551304227906006e-5 -4.946390050471188e-14 -0.15085180141873344 6.930054806529194e-5 -0.19015659698415344 0.18791179392977836; -0.007914509045519783 0.005508058674465202 1.2153629267458873e-12 6.930054806529194e-5 -0.14040908672105168 -0.16788458007175366 -0.17039343061187628; -0.17882487083346404 -0.2303104347900482 -3.0825261406067966e-13 -0.19015659698415344 -0.16788458007175366 -0.13241127350416226 -0.029256299544837147; -0.1788248704965511 -0.23031043442616206 -3.3791485230641163e-13 0.18791179392977836 -0.17039343061187628 -0.029256299544837147 -0.13241127335234326]
Current F′:[-20.031987288526654 -2.641874877300975 -4.205180799967583e-14 -9.830535259243103e-5 -0.014814010426468755 0.006873339450353013 0.006873339459984287; -2.6418748773009746 -1.5208055204512891 5.808700844441076e-14 0.0002082216619974252 0.03137772170645056 -0.1196104942434951 -0.1196104940639099; -4.205180799967581e-14 5.808700844441075e-14 -0.4587831518687392 -5.113842257575532e-14 1.2442822716000937e-12 -3.512435606900763e-13 -3.8712623653955504e-13; -9.830535259243028e-5 0.00020822166199742782 -5.1138422575755317e-14 -0.11612955839216065 -3.4740802780333898e-6 -0.1835352237389047 0.18139323799996931; -0.014814010426468748 0.03137772170645056 1.2442822716000935e-12 -3.474080278035569e-6 -0.11665305537646785 -0.16018121016852122 -0.16260286453545122; 0.006873339450352976 -0.11961049424349506 -3.5124356069007633e-13 -0.1835352237389047 -0.16018121016852124 -0.08442003203953714 -0.01420307050099333; 0.006873339459984229 -0.11961049406390988 -3.8712623653955504e-13 0.18139323799996934 -0.1626028645354512 -0.014203070500993334 -0.08442003201338495]
FP_comm: [2.1316282072803006e-14 0.00011548953749418445 2.0232842966238683e-14 3.226989156010696e-5 0.0048628747449545665 -0.0031563634208316427 -0.0031563634233277016; -0.00011548953749063173 -8.881784197001252e-16 -1.386314833926708e-13 -0.00021164051249740918 -0.03189292724247113 0.019802260847225084 0.01980226086434922; -2.0232842966238544e-14 1.3863148339267063e-13 -1.1102230246251565e-16 -1.844438318241214e-14 3.2663830204157963e-13 -3.455774183549768e-13 -3.888591598869452e-13; -3.226989156010039e-5 0.00021164051249743167 1.8444383182412152e-14 0.0 1.050415402445784e-11 -0.04009030999335689 0.03958814220583856; -0.004862874744954636 0.03189292724247107 -3.2663830204157883e-13 -1.0504204277228535e-11 0.0 -0.037572430051972666 -0.03810117394074361; 0.003156363420831365 -0.01980226084722525 3.4557741835497703e-13 0.04009030999335683 0.03757243005197261 -5.551115123125783e-17 -3.155538330634755e-12; 0.0031563634233279236 -0.019802260864349275 3.8885915988694547e-13 -0.039588142205838506 0.03810117394074364 3.155538330634755e-12 1.1102230246251565e-16]
DIIS method on. Iteration: 6  (DIIS startiter: 4
Max diis_err: 0.04009030999335683
RMS diis_err: 0.017937409061666906
DIIS is active
length(diis_error_matrices):3
length(Fockmatrices):3
length(energies):3
DIIS error matrix size: 3
B: [0.0 0.0 0.0 0.0; 0.0 0.0 0.0 0.0; 0.0 0.0 0.0 0.0; 0.0 0.0 0.0 0.0]
B: [0.0 0.0 0.0 -1.0; 0.0 0.0 0.0 -1.0; 0.0 0.0 0.0 -1.0; -1.0 -1.0 -1.0 0.0]

Final B: [1.1056530453651057 -1.0816329026826987 -0.099111051272367 -1.0; -1.0816329026826987 1.2451852973634014 0.1319548736371804 -1.0; -0.099111051272367 0.1319548736371804 0.01576578154843293 -1.0; -1.0 -1.0 -1.0 0.0]
Z: [0.0, 0.0, 0.0, -1.0]
coeffs: [-0.12085454970991698, -0.24971212378707475, 1.3705666734969917, 0.0006353445047189801]
coeffs mod: [-0.12085454970991698, -0.24971212378707475, 1.3705666734969917]

Damping: false
Levelshift: false
DIIS: true
Current energy: -74.50636953413574
Energy change:[31m-0.9166914007237636 [0m (threshold: 1.0e-8)
RMS-DP: [31m0.013792790105667415 [0m (threshold: 5.0e-9)
Max-DP: [31m0.042057001062360544 [0m (threshold: 1.0e-7)
Max[F,P]: 0.04009030999335683
RMS[F,P]: 0.017937409061666906

[33;1m==============================[0m
[33;1mSCF iteration 7[0m
[33;1m==============================[0m
  0.000005 seconds (2 allocations: 896 bytes)
Current F:[-20.385795325067107 -5.186512946191771 -3.5218076048385377e-14 -7.06429867339685e-5 -0.010645463254846468 -0.17868423443110046 -0.17868423409427714; -5.186512946191771 -2.4189875451941703 2.0305047495407327e-14 6.351303790773019e-5 0.009571026450387835 -0.2335209630661782 -0.2335209627042244; -3.5218076048385377e-14 2.0305047495407327e-14 -0.45285466720845413 -3.426345432398245e-14 9.14477162262518e-13 -2.3574884199843063e-13 -2.568859088295245e-13; -7.06429867339685e-5 6.351303790773019e-5 -3.426345432398245e-14 -0.14540745102561736 2.6207793905186263e-5 -0.19071321472136404 0.18847084593637536; -0.010645463254846468 0.009571026450387835 9.14477162262518e-13 2.6207793905186263e-5 -0.14145826444801113 -0.16769746404837144 -0.17021371813615538; -0.17868423443110046 -0.2335209630661782 -2.3574884199843063e-13 -0.19071321472136404 -0.16769746404837144 -0.13551115329785413 -0.029299524638827054; -0.17868423409427714 -0.2335209627042244 -2.568859088295245e-13 0.18847084593637536 -0.17021371813615538 -0.029299524638827054 -0.13551115315323248]
Current F′:[-20.023213378707442 -2.6424239445763043 -4.181445746692643e-14 -0.0001205194441037608 -0.018161537769959487 0.007538759671576355 0.007538759681189643; -2.642423944576305 -1.512491964507505 5.973199249346186e-14 0.0002401078127088239 0.03618276890516277 -0.12337541960356693 -0.12337541942476042; -4.1814457466926435e-14 5.973199249346185e-14 -0.45285466721748935 -3.544431739974606e-14 9.365635610085857e-13 -2.691485298627192e-13 -2.946489464367676e-13; -0.00012051944410376027 0.00024010781270882334 -3.544431739974606e-14 -0.11051293451742267 -4.7601233058603646e-5 -0.18422657368048587 0.1820852045854148; -0.018161537769959487 0.03618276890516277 9.365635610085857e-13 -4.7601233058606045e-5 -0.11768583029515657 -0.16013015853570586 -0.16256099254548445; 0.007538759671576327 -0.12337541960356696 -2.691485298627191e-13 -0.1842265736804858 -0.1601301585357059 -0.08711283832743595 -0.013853689119732008; 0.007538759681189617 -0.12337541942476044 -2.946489464367677e-13 0.1820852045854148 -0.16256099254548442 -0.013853689119732015 -0.08711283830879217]
FP_comm: [-7.105427357601002e-15 -6.82794583131141e-5 -1.460550622469456e-15 -6.149295409769995e-6 -0.0009266609300786384 0.0007859516453784798 0.0007859516438563086; 6.827945830423232e-5 0.0 -1.4807000724754196e-14 1.3295838813474884e-5 0.0020036010053243146 -0.004461748718191494 -0.004461748713646463; 1.4605506224689133e-15 1.480700072475394e-14 0.0 -1.3126249104105674e-14 2.5295767350748974e-13 -2.700250985034547e-13 -2.9951440518565056e-13; 6.149295409755629e-6 -1.3295838813462863e-5 1.3126249104105668e-14 5.551115123125783e-17 5.724271019214369e-12 -0.03390317790980063 0.03340561328052599; 0.0009266609300785968 -0.0020036010053243684 -2.5295767350748894e-13 -5.724301566610579e-12 5.551115123125783e-17 -0.037266638464412416 -0.037713297630842996; -0.0007859516453784243 0.004461748718191549 2.700250985034547e-13 0.033903177909800686 0.037266638464412416 5.551115123125783e-17 -5.627387444917531e-12; -0.0007859516438566971 0.004461748713646407 2.9951440518565036e-13 -0.03340561328052605 0.03771329763084302 5.627394383811435e-12 5.551115123125783e-17]
DIIS method on. Iteration: 7  (DIIS startiter: 4
Max diis_err: 0.03771329763084302
RMS diis_err: 0.014459490872271963
DIIS is active
length(diis_error_matrices):4
length(Fockmatrices):4
length(energies):4
DIIS error matrix size: 4
B: [0.0 0.0 0.0 0.0 0.0; 0.0 0.0 0.0 0.0 0.0; 0.0 0.0 0.0 0.0 0.0; 0.0 0.0 0.0 0.0 0.0; 0.0 0.0 0.0 0.0 0.0]
B: [0.0 0.0 0.0 0.0 -1.0; 0.0 0.0 0.0 0.0 -1.0; 0.0 0.0 0.0 0.0 -1.0; 0.0 0.0 0.0 0.0 -1.0; -1.0 -1.0 -1.0 -1.0 0.0]

Final B: [1.1056530453651057 -1.0816329026826987 -0.099111051272367 -0.1037596602767918 -1.0; -1.0816329026826987 1.2451852973634014 0.1319548736371804 0.10683752954092007 -1.0; -0.099111051272367 0.1319548736371804 0.01576578154843293 0.010537378808160336 -1.0; -0.1037596602767918 0.10683752954092007 0.010537378808160336 0.010244766937980496 -1.0; -1.0 -1.0 -1.0 -1.0 0.0]
Z: [0.0, 0.0, 0.0, 0.0, -1.0]
coeffs: [0.06080202700634229, -0.031038627668772273, 0.043166394317377746, 0.9270702063450522, 0.0003275908810647021]
coeffs mod: [0.06080202700634229, -0.031038627668772273, 0.043166394317377746, 0.9270702063450522]

Damping: false
Levelshift: false
DIIS: true
Current energy: -74.5085952484734
Energy change:[31m-0.0022257143376549493 [0m (threshold: 1.0e-8)
RMS-DP: [31m0.0020233222304322823 [0m (threshold: 5.0e-9)
Max-DP: [31m0.007033551404395821 [0m (threshold: 1.0e-7)
Max[F,P]: 0.03771329763084302
RMS[F,P]: 0.014459490872271963
Failed to converge in 7 iterations!
